"","IV.Attack","IV.Defense","IV.HP","Attack","Defense","HP","StatProduct","CP","Level","Gain"
"result.4082",1,15,15,132.62280222,103.94760174,122.46700205,1688308.31891135,1496,20,1
"result.3827",2,15,14,133.22020223,103.94760174,121.86960204,1687640.56347869,1499,20,0.995833200293751
"result.4067",2,14,15,133.22020223,103.35020173,122.46700205,1686166.68311279,1498,20,0.986636173994486
"result.2289",0,15,8,133.664957894,105.238473636,119.754125172,1684544.89119041,1500,20.5,0.976516178296552
"result.3985",0,9,15,133.664957894,101.609560752,123.98785687,1683958.14619173,1500,20.5,0.972854884402812
"result.2529",0,14,9,133.664957894,104.633654822,120.358943986,1683322.5057765,1500,20.5,0.968888482684594
"result.2769",0,13,10,133.664957894,104.028836008,120.9637628,1682002.32952949,1499,20.5,0.960650571423678
"result.4081",0,15,15,132.02540221,103.94760174,122.46700205,1680703.32648382,1489,20,0.95254478112328
"result.3009",0,12,11,133.664957894,103.424017194,121.568581614,1680584.36244936,1498,20.5,0.951802444513805
"result.3826",1,15,14,132.62280222,103.94760174,121.86960204,1680072.6685752,1492,20,0.948609470289601
"result.3571",2,15,13,133.22020223,103.94760174,121.27220203,1679367.8156185,1495,20,0.944211181710783
"result.3249",0,11,12,133.664957894,102.81919838,122.173400428,1679068.60453612,1498,20.5,0.942344101954977
"result.4066",1,14,15,132.62280222,103.35020173,122.46700205,1678605.3975383,1492,20,0.939453686260737
"result.3316",3,15,12,133.81760224,103.94760174,120.67480202,1678588.76761373,1498,20,0.939349915386825
"result.3811",2,14,14,133.22020223,103.35020173,121.86960204,1677941.47978054,1495,20,0.935310833679236
"result.3489",0,10,13,133.664957894,102.214379566,122.778219242,1677455.05578977,1497,20.5,0.93227554374719
"result.3556",3,14,13,133.81760224,103.35020173,121.27220203,1677203.79338302,1498,20,0.930707664144236
"result.3234",1,10,12,134.269776708,102.214379566,122.173400428,1676744.63414922,1500,20.5,0.92784250653271
"result.4051",2,13,15,133.22020223,102.75280172,122.46700205,1676420.05488671,1494,20,0.925817129112253
"result.2033",0,15,7,133.664957894,105.238473636,119.149306358,1676037.08870965,1496,20.5,0.923427416837318
"result.3729",0,9,14,133.664957894,101.609560752,123.383038056,1675743.71621031,1496,20.5,0.921596769890448
"result.3796",3,13,14,133.81760224,102.75280172,121.86960204,1675723.30368813,1497,20,0.921469395574572
"result.1778",1,15,6,134.269776708,105.238473636,118.544487544,1675074.66761454,1499,20.5,0.917421900835142
"result.3474",1,9,13,134.269776708,101.609560752,122.778219242,1675074.66761454,1499,20.5,0.917421900835142
"result.3541",4,13,13,134.41500225,102.75280172,121.27220203,1674953.21025813,1500,20,0.916664005875027
"result.2273",0,14,8,133.664957894,104.633654822,119.754125172,1674863.5987123,1496,20.5,0.916104829049837
"result.4036",3,12,15,133.81760224,102.15540171,122.46700205,1674147.29852906,1496,20,0.911635109677831
"result.2018",1,14,7,134.269776708,104.633654822,119.149306358,1673944.98437049,1499,20.5,0.91037266756914
"result.3969",0,8,15,133.664957894,101.004741938,123.98785687,1673934.58579773,1495,20.5,0.910307780384749
"result.2513",0,13,9,133.664957894,104.028836008,120.358943986,1673592.31788184,1495,20.5,0.9081720256134
"result.3781",4,12,14,134.41500225,102.15540171,121.86960204,1673418.14029799,1499,20,0.907085155975607
"result.3714",1,8,14,134.269776708,101.004741938,123.383038056,1673306.46775428,1498,20.5,0.906388318331834
"result.2258",1,13,8,134.269776708,104.028836008,119.754125172,1672717.06780087,1498,20.5,0.902710457497398
"result.3825",0,15,14,132.02540221,103.94760174,121.86960204,1672504.77367171,1485,20,0.90138574028545
"result.2753",0,12,10,133.664957894,103.424017194,120.9637628,1672223.24621827,1495,20.5,0.899629006528005
"result.3570",1,15,13,132.62280222,103.94760174,121.27220203,1671837.01823904,1489,20,0.8972189405792
"result.4021",4,11,15,134.41500225,101.5580017,122.46700205,1671787.12846534,1499,20,0.896907627957471
"result.3954",1,7,15,134.269776708,100.399923124,123.98785687,1671440.03456846,1498,20.5,0.894741759022786
"result.2498",1,12,9,134.269776708,103.424017194,120.358943986,1671390.91790567,1498,20.5,0.894435270619917
"result.3315",2,15,12,133.22020223,103.94760174,120.67480202,1671095.06775831,1492,20,0.892589163127813
"result.4065",0,14,15,132.02540221,103.35020173,122.46700205,1671044.1119638,1485,20,0.892271198526985
"result.2993",0,11,11,133.664957894,102.81919838,121.568581614,1670756.38372159,1494,20.5,0.890475771793655
"result.3810",1,14,14,132.62280222,103.35020173,121.86960204,1670417.07852592,1488,20,0.888358504422235
"result.3060",3,15,11,133.81760224,103.94760174,120.07740201,1670278.9222295,1495,20,0.887496407931288
"result.2738",1,11,10,134.269776708,102.81919838,120.9637628,1669966.53468491,1497,20.5,0.885547106936697
"result.3555",2,14,13,133.22020223,103.35020173,121.27220203,1669716.27644828,1491,20,0.883985493363986
"result.2805",4,15,10,134.41500225,103.94760174,119.480002,1669388.58165262,1497,20,0.881940674989623
"result.4088",7,15,15,134.494445076,102.640497558,120.927022985,1669346.37132253,1498,19.5,0.881677282162831
"result.3233",0,10,12,133.664957894,102.214379566,122.173400428,1669191.73039179,1493,20.5,0.880712321410348
"result.2483",2,11,9,134.874595522,102.81919838,120.358943986,1669101.46193046,1500,20.5,0.880149045426696
"result.3300",3,14,12,133.81760224,103.35020173,120.67480202,1668941.70573089,1494,20,0.879152165352236
"result.4050",1,13,15,132.62280222,102.75280172,122.46700205,1668902.47616524,1487,20,0.878907372521473
"result.3939",2,6,15,134.874595522,99.79510431,123.98785687,1668854.77238539,1500,20.5,0.87860970052039
"result.2978",1,10,11,134.269776708,102.214379566,121.568581614,1668443.91813858,1496,20.5,0.876045966447737
"result.2550",5,15,9,135.01240226,103.94760174,118.88260199,1668424.04602767,1500,20,0.875921964302819
"result.3795",2,13,14,133.22020223,102.75280172,121.86960204,1668242.39608238,1490,20,0.874788467064721
"result.3045",4,14,11,134.41500225,103.35020173,120.07740201,1668093.36637375,1497,20,0.873858520386986
"result.2723",2,10,10,134.874595522,102.214379566,120.9637628,1667621.32466005,1499,20.5,0.870912975988866
"result.1777",0,15,6,133.664957894,105.238473636,118.544487544,1667529.28622889,1492,20.5,0.870338655378084
"result.3473",0,9,13,133.664957894,101.609560752,122.778219242,1667529.28622889,1492,20.5,0.870338655378084
"result.3540",3,13,13,133.81760224,102.75280172,121.27220203,1667508.97376809,1493,20,0.870211905446108
"result.2790",5,14,10,135.01240226,103.35020173,119.480002,1667171.25837686,1500,20,0.868104558468236
"result.4073",8,14,15,135.084332993,102.050609641,120.927022985,1667032.04256616,1500,19.5,0.867235850598914
"result.3218",1,9,12,134.269776708,101.609560752,122.173400428,1666823.06826668,1496,20.5,0.865931849153039
"result.3285",4,13,12,134.41500225,102.75280172,120.67480202,1666702.20922238,1496,20,0.865177687665634
"result.4035",2,12,15,133.22020223,102.15540171,122.46700205,1666673.42666062,1490,20,0.864998084230021
"result.1522",1,15,5,134.269776708,105.238473636,117.93966873,1666528.36828997,1495,20.5,0.86409291873582
"result.2017",0,14,7,133.664957894,104.633654822,119.149306358,1666404.6916481,1492,20.5,0.863321175415082
"result.2963",2,9,11,134.874595522,101.609560752,121.568581614,1666042.51157162,1499,20.5,0.861061168588516
"result.3780",3,12,14,133.81760224,102.15540171,121.86960204,1665980.72634111,1493,20,0.860675628212906
"result.3030",5,13,11,135.01240226,102.75280172,120.07740201,1665822.10244523,1499,20,0.859685813723298
"result.3713",0,8,14,133.664957894,101.004741938,123.383038056,1665769.05123287,1492,20.5,0.859354773696863
"result.1267",2,15,4,134.874595522,105.238473636,117.334849916,1665450.45666345,1498,20.5,0.857366740813384
"result.1762",1,14,6,134.269776708,104.633654822,118.544487544,1665447.80170871,1495,20.5,0.857350173872688
"result.3525",4,12,13,134.41500225,102.15540171,121.27220203,1665215.11019849,1496,20,0.85589817682557
"result.2257",0,13,8,133.664957894,104.028836008,119.754125172,1665182.30623419,1491,20.5,0.855693479803122
"result.3458",1,8,13,134.269776708,101.004741938,122.778219242,1665103.98506921,1495,20.5,0.8552047550526
"result.3617",0,2,14,135.28676109,98.55732369,124.88008716,1665088.77998036,1500,21,0.85510987516596
"result.2401",0,6,9,135.28676109,101.00595285,121.81930071,1664632.50793616,1500,21,0.852262733642632
"result.705",0,12,2,135.28676109,104.67889659,117.53419968,1664480.41725476,1500,21,0.85131368646819
"result.1507",2,14,5,134.874595522,104.633654822,117.93966873,1664414.36057417,1498,20.5,0.850901492206904
"result.3270",5,12,12,135.01240226,102.15540171,120.67480202,1664376.57823276,1499,20,0.85066573006801
"result.3203",2,8,12,134.874595522,101.004741938,122.173400428,1664365.02266515,1498,20.5,0.850593623225642
"result.4020",3,11,15,133.81760224,101.5580017,122.46700205,1664356.96344994,1492,20,0.850543333652629
"result.3569",0,15,13,132.02540221,103.94760174,121.27220203,1664306.22085959,1482,20,0.85022669944762
"result.2002",1,13,7,134.269776708,104.028836008,119.149306358,1664269.00180187,1494,20.5,0.849994452203816
"result.3953",0,7,15,133.664957894,100.399923124,123.98785687,1663911.02540374,1491,20.5,0.847760676366685
"result.2497",0,12,9,133.664957894,103.424017194,120.358943986,1663862.12998718,1491,20.5,0.847455568542206
"result.3765",4,11,14,134.41500225,101.5580017,121.86960204,1663632.06930209,1495,20,0.846019987866791
"result.3314",1,15,12,132.62280222,103.94760174,120.67480202,1663601.36790289,1485,20,0.845828410868801
"result.945",0,11,3,135.28676109,104.0667393,118.14635697,1663365.08559115,1500,21,0.844354007188943
"result.3698",1,7,14,134.269776708,100.399923124,123.383038056,1663286.66854617,1494,20.5,0.843864684146423
"result.1747",2,13,6,134.874595522,104.028836008,118.544487544,1663279.58866685,1497,20.5,0.843820505637902
"result.2242",1,12,8,134.269776708,103.424017194,119.754125172,1662991.96856946,1494,20.5,0.842025753729205
"result.3809",0,14,14,132.02540221,103.35020173,121.86960204,1662892.67727129,1481,20,0.841406175165236
"result.2641",0,5,10,135.28676109,100.39379556,122.431458,1662858.11665315,1499,21,0.841190516607467
"result.3857",0,1,15,135.28676109,97.9451664,125.49224445,1662858.11665315,1499,21,0.841190516607467
"result.3510",5,11,13,135.01240226,101.5580017,121.27220203,1662834.68573947,1498,20,0.841044307502369
"result.3059",2,15,11,133.22020223,103.94760174,120.07740201,1662822.31989812,1488,20,0.840967144544845
"result.3443",2,7,13,134.874595522,100.399923124,122.778219242,1662588.85794066,1497,20.5,0.839510339900248
"result.2737",0,11,10,133.664957894,102.81919838,120.9637628,1662444.16290705,1490,20.5,0.838607441632334
"result.3554",1,14,13,132.62280222,103.35020173,121.27220203,1662228.75951353,1484,20,0.837263322583735
"result.1492",3,13,5,135.479414336,104.028836008,117.93966873,1662214.06682914,1500,20.5,0.837171640105377
"result.1185",0,10,4,135.28676109,103.45458201,118.75851426,1662148.36013994,1499,21,0.836761629793402
"result.1987",2,12,7,134.874595522,103.424017194,119.149306358,1662046.14094151,1497,20.5,0.836123781106377
"result.4087",6,15,15,133.904557159,102.640497558,120.927022985,1662024.67671147,1491,19.5,0.835989844124257
"result.2804",3,15,10,133.81760224,103.94760174,119.480002,1661969.07684528,1491,20,0.83564290047575
"result.4005",4,10,15,134.41500225,100.96060169,122.46700205,1661953.08653319,1494,20,0.835543120789298
"result.3188",3,7,12,135.479414336,100.399923124,122.173400428,1661817.5935872,1500,20.5,0.834697643628159
"result.2482",1,11,9,134.269776708,102.81919838,120.358943986,1661616.70201149,1493,20.5,0.833444078448854
"result.3299",2,14,12,133.22020223,103.35020173,120.67480202,1661491.07311602,1487,20,0.832660153048735
"result.4049",0,13,15,132.02540221,102.75280172,122.46700205,1661384.89744378,1481,20,0.831997615930692
"result.3938",1,6,15,134.269776708,99.79510431,123.98785687,1661371.11869756,1493,20.5,0.831911636434506
"result.3832",7,15,14,134.494445076,102.640497558,120.337135068,1661203.21829169,1494,19.5,0.830863936441882
"result.3750",5,10,14,135.01240226,100.96060169,121.86960204,1661196.42496534,1497,20,0.830821546026374
"result.2549",4,15,9,134.41500225,103.94760174,118.88260199,1661041.63874436,1494,20,0.829855678661515
"result.1732",3,12,6,135.479414336,103.424017194,118.544487544,1661024.64710333,1500,20.5,0.829749650673722
"result.2881",0,4,11,135.28676109,99.78163827,123.04361529,1660982.33158253,1499,21,0.829485601456009
"result.2977",0,10,11,133.664957894,102.214379566,121.568581614,1660928.40499381,1489,20.5,0.829149099073505
"result.1425",0,9,5,135.28676109,102.84242472,119.37067155,1660830.24090113,1498,21,0.828536554281566
"result.3794",1,13,14,132.62280222,102.75280172,121.86960204,1660761.48847663,1484,20,0.828107538554871
"result.2227",2,11,8,134.874595522,102.81919838,119.754125172,1660714.01739815,1496,20.5,0.82781131861233
"result.3683",2,6,14,134.874595522,99.79510431,123.383038056,1660714.01739815,1496,20.5,0.82781131861233
"result.3044",3,14,11,133.81760224,103.35020173,120.07740201,1660679.61807876,1490,20,0.827596666560235
"result.3495",6,10,13,135.60980227,100.96060169,121.27220203,1660367.70039102,1500,20,0.825650297476505
"result.3577",8,15,13,135.084332993,102.640497558,119.747247151,1660310.32870498,1497,19.5,0.825292297656689
"result.2722",1,10,10,134.269776708,102.214379566,120.9637628,1660143.20212794,1493,20.5,0.824249426362764
"result.3539",2,13,13,133.22020223,102.75280172,121.27220203,1660064.73727806,1487,20,0.823759805017188
"result.2294",5,15,8,135.01240226,103.94760174,118.28520198,1660040.00559537,1497,20,0.823605479102143
"result.3428",3,6,13,135.479414336,99.79510431,122.778219242,1659983.90484324,1499,20.5,0.823255409921024
"result.2789",4,14,10,134.41500225,103.35020173,119.480002,1659794.39440174,1493,20,0.822072863118235
"result.4072",7,14,15,134.494445076,102.050609641,120.927022985,1659752.42665976,1494,19.5,0.821810984043321
"result.1972",3,11,7,135.479414336,102.81919838,119.149306358,1659736.10906702,1499,20.5,0.821709162122763
"result.3990",5,9,15,135.01240226,100.36320168,122.46700205,1659461.79591038,1496,20,0.819997445640028
"result.1665",0,8,6,135.28676109,102.23026743,119.98282884,1659410.72787472,1498,21,0.819678780653435
"result.3322",9,15,12,135.67422091,102.640497558,119.157359234,1659346.00795132,1500,19.5,0.819274927768682
"result.3217",0,9,12,133.664957894,101.609560752,122.173400428,1659314.85624746,1489,20.5,0.819080540865719
"result.3284",3,13,12,133.81760224,102.75280172,120.67480202,1659294.64384805,1490,20,0.818954415317646
"result.2467",2,10,9,134.874595522,102.214379566,120.358943986,1659283.21803675,1495,20.5,0.818883118155762
"result.4034",1,12,15,132.62280222,102.15540171,122.46700205,1659199.55479219,1483,20,0.818361058782209
"result.1521",0,15,5,133.664957894,105.238473636,117.93966873,1659021.48374813,1489,20.5,0.81724989391885
"result.3121",0,3,12,135.28676109,99.16948098,123.65577258,1659005.15272431,1498,21,0.817147988188255
"result.2039",6,15,7,135.60980227,103.94760174,117.68780197,1658964.1773983,1499,20,0.816892301797631
"result.3817",8,14,14,135.084332993,102.050609641,120.337135068,1658900.17894389,1496,19.5,0.816492950885592
"result.2534",5,14,9,135.01240226,103.35020173,118.88260199,1658835.40208498,1496,20,0.816088742722735
"result.3923",2,5,15,134.874595522,99.190285496,123.98785687,1658740.5010376,1495,20.5,0.815496559361892
"result.3735",6,9,14,135.60980227,100.36320168,121.86960204,1658673.79333084,1499,20,0.815080302691657
"result.2962",1,9,11,134.269776708,101.609560752,121.568581614,1658571.46891883,1492,20.5,0.814441797470935
"result.3779",2,12,14,133.22020223,102.15540171,121.86960204,1658543.31238423,1486,20,0.814266100450206
"result.3029",4,13,11,134.41500225,102.75280172,120.07740201,1658451.20818662,1493,20,0.81369136945624
"result.2212",3,10,8,135.479414336,102.214379566,119.754125172,1658348.45272024,1498,20.5,0.8130501744525
"result.3668",3,5,14,135.479414336,99.190285496,123.383038056,1658051.09778878,1498,20.5,0.811194677094586
"result.1266",1,15,4,134.269776708,105.238473636,117.334849916,1657982.06896541,1492,20.5,0.810763936636499
"result.3562",9,14,13,135.67422091,102.050609641,119.747247151,1657976.91058503,1499,19.5,0.810731748298055
"result.1761",0,14,6,133.664957894,104.633654822,118.544487544,1657945.78458389,1488,20.5,0.810537521780325
"result.1905",0,7,7,135.28676109,101.61811014,120.59498613,1657889.82106071,1497,21,0.810188308909009
"result.3524",3,12,13,133.81760224,102.15540171,121.27220203,1657814.15415316,1489,20,0.80971614674798
"result.2279",6,14,8,135.60980227,103.35020173,118.28520198,1657802.64112846,1499,20,0.809644305373735
"result.2707",2,9,10,134.874595522,101.609560752,120.9637628,1657753.74285733,1495,20.5,0.809339179736673
"result.3457",0,8,13,133.664957894,101.004741938,122.778219242,1657603.516668,1488,20.5,0.808401767008976
"result.2774",5,13,10,135.01240226,102.75280172,119.480002,1657534.43029376,1495,20,0.807970667432975
"result.4057",8,13,15,135.084332993,101.460721724,120.927022985,1657396.01919873,1496,19.5,0.807106980996423
"result.3269",4,12,12,134.41500225,102.15540171,120.67480202,1657012.08009899,1492,20,0.804711197675533
"result.1506",1,14,5,134.269776708,104.633654822,117.93966873,1656950.61904693,1491,20.5,0.804327680176237
"result.1650",1,7,6,135.89891838,101.61811014,119.98282884,1656937.82056626,1500,21,0.804247817545605
"result.4019",2,11,15,133.22020223,101.5580017,122.46700205,1656926.79843454,1485,20,0.804179039347787
"result.3361",0,2,13,135.28676109,98.55732369,124.26792987,1656926.5800785,1497,21,0.804177676804205
"result.3202",1,8,12,134.269776708,101.004741938,122.173400428,1656901.50238414,1491,20.5,0.804021191773366
"result.3975",6,8,15,135.60980227,99.76580167,122.46700205,1656883.09158151,1498,20,0.803906308204817
"result.1011",2,15,3,134.874595522,105.238473636,116.730031102,1656865.66049508,1494,20.5,0.803797538073975
"result.2452",3,9,9,135.479414336,101.609560752,120.358943986,1656861.67806297,1498,20.5,0.803772687662932
"result.209",0,13,0,135.28676109,105.29105388,116.3098851,1656774.4893971,1497,21,0.803228629629764
"result.2001",0,13,7,133.664957894,104.028836008,119.149306358,1656772.29458655,1488,20.5,0.803214933992844
"result.2519",6,13,9,135.60980227,102.75280172,118.88260199,1656544.31016947,1498,20,0.801792309247848
"result.3802",9,13,14,135.67422091,101.460721724,120.337135068,1656513.39271071,1499,19.5,0.801599384036349
"result.2145",0,6,8,135.28676109,101.00595285,121.20714342,1656267.52045909,1496,21,0.800065139048287
"result.3764",3,11,14,133.81760224,101.5580017,121.86960204,1656238.14899409,1488,20,0.79988186085124
"result.3106",1,2,12,135.89891838,98.55732369,123.65577258,1656224.85248513,1500,21,0.79979889051971
"result.3014",5,12,11,135.01240226,102.15540171,120.07740201,1656137.09022171,1495,20,0.799251253232862
"result.2947",2,8,11,134.874595522,101.004741938,121.568581614,1656125.59185988,1494,20.5,0.799179503355061
"result.3313",0,15,12,132.02540221,103.94760174,120.67480202,1656107.66804747,1478,20,0.799067658609789
"result.3908",3,4,15,135.479414336,98.585466682,123.98785687,1656019.17242385,1497,20.5,0.798515445148842
"result.1251",2,14,4,134.874595522,104.633654822,117.334849916,1655878.90231481,1494,20.5,0.797640158448755
"result.1746",1,13,6,134.269776708,104.028836008,118.544487544,1655820.93580288,1491,20.5,0.797278446910234
"result.449",0,12,1,135.28676109,104.67889659,116.92204239,1655811.24841489,1496,21,0.79721799752496
"result.3697",0,7,14,133.664957894,100.399923124,123.383038056,1655794.38625543,1487,20.5,0.797112777503277
"result.756",3,15,2,135.479414336,105.238473636,116.125212288,1655672.25833715,1497,20.5,0.796350698231277
"result.2241",0,12,8,133.664957894,103.424017194,119.754125172,1655501.01375609,1487,20.5,0.795282130556407
"result.3509",4,11,13,134.41500225,101.5580017,121.27220203,1655477.01013885,1491,20,0.795132347776111
"result.3058",1,15,11,132.62280222,103.94760174,120.07740201,1655365.71756674,1481,20,0.794437881158402
"result.1890",1,6,7,135.89891838,101.00595285,120.59498613,1655359.10552946,1499,21,0.794396621988268
"result.3653",4,4,14,136.08423315,98.585466682,123.383038056,1655297.90971809,1500,20.5,0.794014759593189
"result.2692",3,8,10,135.479414336,101.004741938,120.9637628,1655275.78509521,1497,20.5,0.793876701754059
"result.2759",6,12,10,135.60980227,102.15540171,119.480002,1655189.18452132,1498,20,0.793336313419968
"result.3442",1,7,13,134.269776708,100.399923124,122.778219242,1655133.30252389,1490,20.5,0.792987609270059
"result.4042",9,12,15,135.67422091,100.870833807,120.927022985,1654955.45432837,1498,19.5,0.791877834983566
"result.1491",2,13,5,134.874595522,104.028836008,117.93966873,1654793.46831651,1493,20.5,0.790867040861015
"result.689",0,11,2,135.28676109,104.0667393,117.53419968,1654746.61364508,1496,21,0.790574667303861
"result.3601",0,1,14,135.28676109,97.9451664,124.88008716,1654746.61364508,1496,21,0.790574667303861
"result.3553",0,14,13,132.02540221,103.35020173,121.27220203,1654741.24257879,1478,20,0.790541151803484
"result.996",3,14,3,135.479414336,104.633654822,116.730031102,1654730.63438754,1497,20.5,0.790474956597884
"result.4086",5,15,15,133.314669242,102.640497558,120.927022985,1654702.9821004,1485,19.5,0.790302406085684
"result.3254",5,11,12,135.01240226,101.5580017,120.67480202,1654643.38186883,1494,20,0.789930500122396
"result.194",1,12,0,135.89891838,104.67889659,116.3098851,1654595.21115681,1499,21,0.789629914460525
"result.1986",1,12,7,134.269776708,103.424017194,119.149306358,1654593.01923326,1490,20.5,0.789616236838492
"result.4004",3,10,15,133.81760224,100.96060169,122.46700205,1654566.62837082,1487,20,0.789451557627425
"result.2803",2,15,10,133.22020223,103.94760174,119.480002,1654549.57203793,1484,20,0.789345125961876
"result.2385",0,5,9,135.28676109,100.39379556,121.81930071,1654543.82606988,1496,21,0.789309271071271
"result.501",4,15,1,136.08423315,105.238473636,115.520393474,1654401.86249161,1500,20.5,0.788423417108405
"result.3187",2,7,12,134.874595522,100.399923124,122.173400428,1654398.7650444,1493,20.5,0.788404089010927
"result.2437",4,8,9,136.08423315,101.004741938,120.358943986,1654352.08209013,1500,20.5,0.788112786970361
"result.2481",0,11,9,133.664957894,102.81919838,120.358943986,1654131.94209252,1486,20.5,0.786739111471012
"result.3346",1,1,13,135.89891838,97.9451664,124.26792987,1654085.94824171,1499,21,0.786452109442029
"result.3298",1,14,12,132.62280222,103.35020173,120.67480202,1654040.44050115,1481,20,0.786168140745234
"result.3831",6,15,14,133.904557159,102.640497558,120.337135068,1653917.2392641,1488,19.5,0.785399363954716
"result.3937",0,6,15,133.664957894,99.79510431,123.98785687,1653887.46500974,1486,20.5,0.785213572348621
"result.3749",4,10,14,134.41500225,100.96060169,121.86960204,1653845.9983062,1490,20,0.784954819757975
"result.2999",6,11,11,135.60980227,101.5580017,120.07740201,1653737.26418402,1497,20,0.784276317890098
"result.1236",3,13,4,135.479414336,104.028836008,117.334849916,1653689.89212745,1496,20.5,0.783980715845186
"result.2130",1,5,8,135.89891838,100.39379556,121.20714342,1653678.53790963,1499,21,0.783909865427232
"result.2548",3,15,9,133.81760224,103.94760174,118.88260199,1653659.23146105,1487,20,0.783789393020212
"result.1731",2,12,6,134.874595522,103.424017194,118.544487544,1653609.35850019,1493,20.5,0.783478185310751
"result.2932",3,7,11,135.479414336,100.399923124,121.568581614,1653590.77381697,1496,20.5,0.783362216725881
"result.929",0,10,3,135.28676109,103.45458201,118.14635697,1653580.58508767,1495,21,0.783298638966468
"result.434",1,11,1,135.89891838,104.0667393,116.92204239,1653576.68532661,1499,21,0.783274304423533
"result.741",4,14,2,136.08423315,104.633654822,116.125212288,1653505.81526513,1500,20.5,0.78283207462362
"result.3793",0,13,14,132.02540221,102.75280172,121.86960204,1653280.58087088,1477,20,0.78142661004502
"result.2226",1,11,8,134.269776708,102.81919838,119.754125172,1653266.86933806,1489,20.5,0.781341049961011
"result.3682",1,6,14,134.269776708,99.79510431,123.383038056,1653266.86933806,1489,20.5,0.781341049961011
"result.3043",2,14,11,133.22020223,103.35020173,120.07740201,1653265.86978376,1484,20,0.781334812733485
"result.3893",4,3,15,136.08423315,97.980647868,123.98785687,1653207.1328563,1499,20.5,0.780968293795359
"result.3576",7,15,13,134.494445076,102.640497558,119.747247151,1653060.06526085,1491,19.5,0.780050590720932
"result.3494",5,10,13,135.01240226,100.96060169,121.27220203,1653053.30523512,1493,20,0.780008408101578
"result.2744",7,11,10,136.20720228,101.5580017,119.480002,1652758.65708443,1500,20,0.778169801079217
"result.2625",0,4,10,135.28676109,99.78163827,122.431458,1652718.73789307,1495,21,0.77792070497796
"result.2677",4,7,10,136.08423315,100.399923124,120.9637628,1652709.32884159,1499,20.5,0.777861992414923
"result.2293",4,15,8,134.41500225,103.94760174,118.28520198,1652694.69583609,1490,20,0.777770682333408
"result.2721",0,10,10,133.664957894,102.214379566,120.9637628,1652665.07959584,1486,20.5,0.777585876736662
"result.3538",1,13,13,132.62280222,102.75280172,121.27220203,1652620.50078802,1480,20,0.777307704588269
"result.3427",2,6,13,134.874595522,99.79510431,122.778219242,1652573.2624109,1492,20.5,0.777012936704271
"result.1476",3,12,5,135.479414336,103.424017194,117.93966873,1652550.03155688,1496,20.5,0.776867975973183
"result.981",4,13,3,136.08423315,104.028836008,116.730031102,1652510.2072357,1499,20.5,0.776619471862749
"result.4071",6,14,15,133.904557159,102.050609641,120.927022985,1652472.81075336,1487,19.5,0.776386117487728
"result.3841",0,0,15,135.28676109,97.33300911,125.49224445,1652465.25342406,1495,21,0.776338959687221
"result.674",1,10,2,135.89891838,103.45458201,117.53419968,1652456.30691339,1498,21,0.776283133382843
"result.4027",10,11,15,136.264108827,100.28094589,120.927022985,1652430.7320487,1500,19.5,0.776123546004748
"result.2788",3,14,10,133.81760224,103.35020173,119.480002,1652417.53042663,1487,20,0.776041167768235
"result.1971",2,11,7,134.874595522,102.81919838,119.149306358,1652326.57286583,1492,20.5,0.775473591797965
"result.1169",0,9,4,135.28676109,102.84242472,118.75851426,1652313.16274266,1495,21,0.775389912512779
"result.3239",6,10,12,135.60980227,100.96060169,120.67480202,1652188.54915757,1496,20,0.774612322658237
"result.3321",8,15,12,135.084332993,102.640497558,119.157359234,1652131.46009067,1493,19.5,0.774256086384331
"result.3989",4,9,15,134.41500225,100.36320168,122.46700205,1652119.04460104,1490,20,0.774178613621125
"result.2370",1,4,9,135.89891838,99.78163827,121.81930071,1651896.11770678,1498,21,0.772787547862498
"result.3283",2,13,12,133.22020223,102.75280172,120.67480202,1651887.07847373,1483,20,0.772731142969656
"result.3586",1,0,14,135.89891838,97.33300911,124.88008716,1651845.19141527,1498,21,0.772469767360648
"result.2466",1,10,9,134.269776708,102.214379566,120.358943986,1651842.4861173,1489,20.5,0.772452886277791
"result.3172",3,6,12,135.479414336,99.79510431,122.173400428,1651806.64422824,1495,20.5,0.7722292325784
"result.4033",0,12,15,132.02540221,102.15540171,122.46700205,1651725.68292376,1476,20,0.771724033334398
"result.3816",7,14,14,134.494445076,102.050609641,120.337135068,1651656.07335898,1490,19.5,0.771289669044905
"result.2038",5,15,7,135.01240226,103.94760174,117.68780197,1651655.96516307,1493,20,0.771288993901465
"result.2533",4,14,9,134.41500225,103.35020173,118.88260199,1651495.42242974,1489,20,0.770287205849485
"result.1221",4,12,4,136.08423315,103.424017194,117.334849916,1651415.03840334,1499,20.5,0.76978560882579
"result.3734",5,9,14,135.01240226,100.36320168,121.86960204,1651366.86032057,1493,20,0.769484977170408
"result.1716",3,11,6,135.479414336,102.81919838,118.544487544,1651311.05267582,1495,20.5,0.769136736981877
"result.3922",1,5,15,134.269776708,99.190285496,123.98785687,1651302.20282667,1489,20.5,0.769081513846224
"result.2984",7,10,11,136.20720228,100.96060169,120.07740201,1651251.73007356,1499,20,0.768766563427952
"result.914",1,9,3,135.89891838,102.84242472,118.14635697,1651234.07591715,1498,21,0.768656401338453
"result.3066",9,15,11,135.67422091,102.640497558,118.567471317,1651131.42375354,1496,19.5,0.768015850944916
"result.3778",1,12,14,132.62280222,102.15540171,121.86960204,1651105.89842735,1479,20,0.767856572687505
"result.2961",0,9,11,133.664957894,101.609560752,121.568581614,1651100.42626604,1485,20.5,0.767822426353355
"result.3028",3,13,11,133.81760224,102.75280172,120.07740201,1651080.31392801,1486,20,0.767696925189182
"result.2917",4,6,11,136.08423315,99.79510431,121.568581614,1650967.0147901,1498,20.5,0.766989937583398
"result.2211",2,10,8,134.874595522,102.214379566,119.754125172,1650945.11141345,1492,20.5,0.766853260322659
"result.1409",0,8,5,135.28676109,102.23026743,119.37067155,1650944.34661005,1494,21,0.766848487942795
"result.2865",0,3,11,135.28676109,99.16948098,123.04361529,1650792.25592865,1494,21,0.765899440768353
"result.3561",8,14,13,135.084332993,102.050609641,119.747247151,1650768.31532161,1493,19.5,0.765750051172271
"result.3667",2,5,14,134.874595522,99.190285496,123.383038056,1650649.08395937,1492,20.5,0.765006046435093
"result.1783",6,15,6,135.60980227,103.94760174,117.09040196,1650543.03944196,1496,20,0.764344327724385
"result.3479",6,9,13,135.60980227,100.36320168,121.27220203,1650543.03944196,1496,20,0.764344327724385
"result.1265",0,15,4,133.664957894,105.238473636,117.334849916,1650513.68126737,1485,20.5,0.764161132459614
"result.2278",5,14,8,135.01240226,103.35020173,118.28520198,1650499.54579309,1492,20,0.764072926977234
"result.3523",2,12,13,133.22020223,102.15540171,121.27220203,1650413.19810784,1482,20,0.763534116670392
"result.2706",1,9,10,134.269776708,101.609560752,120.9637628,1650319.86957097,1488,20.5,0.762951745788832
"result.1461",4,11,5,136.08423315,102.81919838,117.93966873,1650220.30876803,1498,20.5,0.762330485512744
"result.2773",4,13,10,134.41500225,102.75280172,119.480002,1650200.20715087,1489,20,0.762205051246847
"result.4056",7,13,15,134.494445076,101.460721724,120.927022985,1650158.48199699,1489,19.5,0.761944685923812
"result.659",2,9,2,136.51107567,102.84242472,117.53419968,1650077.91146125,1500,21,0.761441925080247
"result.2811",10,15,10,136.264108827,102.640497558,117.9775834,1650059.95624949,1499,19.5,0.761329884402687
"result.2610",1,3,10,135.89891838,99.16948098,122.431458,1650011.84492092,1497,21,0.761029669294064
"result.1956",3,10,7,135.479414336,102.214379566,119.149306358,1649972.95548428,1495,20.5,0.760786998871265
"result.3412",3,5,13,135.479414336,99.190285496,122.778219242,1649923.39632903,1495,20.5,0.760477749311614
"result.1154",1,8,4,135.89891838,102.23026743,118.75851426,1649909.9923379,1497,21,0.760394108290365
"result.3306",9,14,12,135.67422091,102.050609641,119.157359234,1649809.53664126,1496,19.5,0.759767263869828
"result.3224",7,9,12,136.20720228,100.36320168,120.67480202,1649647.58196522,1498,20,0.758756665283055
"result.3268",3,12,12,133.81760224,102.15540171,120.67480202,1649647.58196522,1485,20,0.758756665283055
"result.3974",5,8,15,135.01240226,99.76580167,122.46700205,1649584.0471252,1492,20,0.758360207328884
"result.4018",1,11,15,132.62280222,101.5580017,122.46700205,1649496.63341914,1479,20,0.757814745042945
"result.1505",0,14,5,133.664957894,104.633654822,117.93966873,1649486.87751969,1484,20.5,0.75775386814557
"result.1649",0,7,6,135.28676109,101.61811014,119.98282884,1649474.13668984,1493,21,0.757674365256518
"result.2451",2,9,9,134.874595522,101.609560752,120.358943986,1649464.97414304,1491,20.5,0.757617190884829
"result.3201",0,8,12,133.664957894,101.004741938,122.173400428,1649437.98210313,1484,20.5,0.757448760321091
"result.1010",1,15,3,134.269776708,105.238473636,116.730031102,1649435.76964085,1488,20.5,0.757434954537178
"result.2023",6,14,7,135.60980227,103.35020173,117.68780197,1649429.9005167,1495,20,0.757398331151484
"result.1528",7,15,5,136.20720228,103.94760174,116.49300195,1649355.91867279,1498,20,0.756936683802165
"result.3801",8,13,14,135.084332993,101.460721724,120.337135068,1649311.16056849,1492,19.5,0.756657392842139
"result.2518",5,13,9,135.01240226,102.75280172,118.88260199,1649246.75814229,1492,20,0.756255521142651
"result.2355",2,3,9,136.51107567,99.16948098,121.81930071,1649157.1090553,1500,21,0.755696110060318
"result.3157",4,5,12,136.08423315,99.190285496,122.173400428,1649125.13993567,1498,20.5,0.755496622475785
"result.1701",4,10,6,136.08423315,102.214379566,118.544487544,1648926.01832978,1497,20.5,0.754254101923611
"result.3763",2,11,14,133.22020223,101.5580017,121.86960204,1648844.22868608,1482,20,0.75374373383569
"result.3013",4,12,11,134.41500225,102.15540171,120.07740201,1648809.04999949,1488,20,0.753524218525496
"result.3719",6,8,14,135.60980227,99.76580167,121.86960204,1648800.73503721,1495,20,0.75347233308854
"result.899",2,8,3,136.51107567,102.23026743,118.14635697,1648799.01923077,1500,21,0.753461626441457
"result.3051",10,14,11,136.264108827,102.050609641,118.567471317,1648779.73731791,1498,19.5,0.753341307137573
"result.3105",0,2,12,135.28676109,98.55732369,123.65577258,1648764.38017663,1493,21,0.753245478442452
"result.2946",1,8,11,134.269776708,101.004741938,121.568581614,1648699.01969907,1487,20.5,0.752837628494132
"result.3907",2,4,15,134.874595522,98.585466682,123.98785687,1648626.22968981,1491,20.5,0.752383418203393
"result.2196",3,9,8,135.479414336,101.609560752,119.754125172,1648535.73998225,1494,20.5,0.751818761641349
"result.1394",1,7,5,135.89891838,101.61811014,119.37067155,1648484.05617562,1496,21,0.751496254238577
"result.1250",1,14,4,134.269776708,104.633654822,117.334849916,1648453.43638515,1487,20.5,0.751305186479784
"result.3546",9,13,13,135.67422091,101.460721724,119.747247151,1648393.22902095,1495,19.5,0.750929492003662
"result.1745",0,13,6,133.664957894,104.028836008,118.544487544,1648362.2829389,1484,20.5,0.750736388182566
"result.1768",7,14,6,136.20720228,103.35020173,117.09040196,1648286.48660056,1498,20,0.750263418372234
"result.755",2,15,2,134.874595522,105.238473636,116.125212288,1648280.86432672,1491,20.5,0.750228335334567
"result.2902",5,5,11,136.689051964,99.190285496,121.568581614,1648254.31477926,1500,20.5,0.75006266592761
"result.2263",6,13,8,135.60980227,102.75280172,118.28520198,1648219.96690229,1495,20,0.749848334876593
"result.3508",3,11,13,133.81760224,101.5580017,121.27220203,1648119.33453823,1485,20,0.749220388049852
"result.2850",1,2,11,135.89891838,98.55732369,123.04361529,1648025.71955203,1496,21,0.74863622972193
"result.3464",7,8,13,136.20720228,99.76580167,121.27220203,1647946.21275939,1498,20,0.74814010664453
"result.3652",3,4,14,135.479414336,98.585466682,123.383038056,1647941.03011934,1494,20.5,0.748107766925523
"result.3057",0,15,11,132.02540221,103.94760174,120.07740201,1647909.11523536,1475,20,0.747908617771959
"result.1889",0,6,7,135.28676109,101.00595285,120.59498613,1647902.53298203,1493,21,0.747867544453943
"result.2758",5,12,10,135.01240226,102.15540171,119.480002,1647897.60221066,1491,20,0.747836776397714
"result.2691",2,8,10,134.874595522,101.004741938,120.9637628,1647886.16105461,1490,20.5,0.747765383484479
"result.4094",13,15,15,136.25326494,101.31653034,119.36717655,1647829.02317089,1498,19,0.747408842593269
"result.1446",5,10,5,136.689051964,102.214379566,117.93966873,1647804.29994997,1500,20.5,0.747254569479696
"result.4041",8,12,15,135.084332993,100.870833807,120.927022985,1647759.99583129,1491,19.5,0.746978111393933
"result.3441",0,7,13,133.664957894,100.399923124,122.778219242,1647677.74710711,1484,20.5,0.74646487863987
"result.1941",4,9,7,136.08423315,101.609560752,119.149306358,1647532.16708859,1497,20.5,0.745556458058391
"result.1139",2,7,4,136.51107567,101.61811014,118.75851426,1647417.81562184,1499,21,0.744842903911564
"result.3291",10,13,12,136.264108827,101.460721724,119.157359234,1647404.68735437,1498,19.5,0.744760983408378
"result.4085",4,15,15,132.724781325,102.640497558,120.927022985,1647381.28748934,1478,19.5,0.744614968047111
"result.1490",1,13,5,134.269776708,104.028836008,117.93966873,1647372.86980388,1487,20.5,0.744562441616652
"result.995",2,14,3,134.874595522,104.633654822,116.730031102,1647343.44405546,1490,20.5,0.744378824690608
"result.3253",4,11,12,134.41500225,101.5580017,120.67480202,1647321.9509756,1488,20,0.74424470768543
"result.2595",2,2,10,136.51107567,98.55732369,122.431458,1647213.19286497,1499,21,0.743566056129357
"result.3397",4,4,13,136.08423315,98.585466682,122.778219242,1647183.70427829,1497,20.5,0.743382047092086
"result.4003",2,10,15,133.22020223,100.96060169,122.46700205,1647180.17020845,1481,20,0.743359994465553
"result.193",0,12,0,135.28676109,104.67889659,116.3098851,1647142.07957502,1492,21,0.74312230858173
"result.1985",0,12,7,133.664957894,103.424017194,119.149306358,1647139.897525,1483,20.5,0.743108692570608
"result.2802",1,15,10,132.62280222,103.94760174,119.480002,1647130.06723059,1477,20,0.743047351448003
"result.2008",7,13,7,136.20720228,102.75280172,117.68780197,1647119.83343085,1497,20,0.742983492448673
"result.500",3,15,1,135.479414336,105.238473636,115.520393474,1647048.96532498,1493,20.5,0.742541274851781
"result.2436",3,8,9,135.479414336,101.004741938,120.358943986,1646999.40616973,1493,20.5,0.74223202529213
"result.3186",1,7,12,134.269776708,100.399923124,122.173400428,1646979.9365016,1487,20.5,0.742110534393694
"result.3959",6,7,15,135.60980227,99.16840166,122.46700205,1646961.63594329,1494,20,0.741996338750705
"result.1634",1,6,6,135.89891838,101.00595285,119.98282884,1646956.26743032,1496,21,0.741962839183089
"result.2503",6,12,9,135.60980227,102.15540171,118.88260199,1646913.23859872,1494,20,0.741694338899709
"result.3786",9,12,14,135.67422091,100.870833807,120.337135068,1646882.50089262,1494,19.5,0.741502535346418
"result.3345",0,1,13,135.28676109,97.9451664,124.26792987,1646635.11063702,1492,21,0.739958818000254
"result.3830",5,15,14,133.314669242,102.640497558,120.337135068,1646631.2602365,1481,19.5,0.73993479146755
"result.3297",0,14,12,132.02540221,103.35020173,120.67480202,1646589.80788628,1474,20,0.739676128441735
"result.3748",3,10,14,133.81760224,100.96060169,121.86960204,1646495.57164706,1484,20,0.739088093489575
"result.1686",5,9,6,136.689051964,101.609560752,118.544487544,1646454.25546207,1500,20.5,0.738830280135955
"result.2998",5,11,11,135.01240226,101.5580017,120.07740201,1646452.07799819,1490,20,0.738816692742425
"result.3142",5,4,12,136.689051964,98.585466682,122.173400428,1646354.25216667,1500,20.5,0.738206258703084
"result.1235",2,13,4,134.874595522,104.028836008,117.334849916,1646307.34796617,1490,20.5,0.737913576084128
"result.2547",2,15,9,133.22020223,103.94760174,118.88260199,1646276.82417774,1480,20,0.737723107378908
"result.2129",0,5,8,135.28676109,100.39379556,121.20714342,1646229.53548661,1492,21,0.737428025535074
"result.2931",2,7,11,134.874595522,100.399923124,121.568581614,1646208.67214814,1490,20.5,0.737297838121606
"result.1730",1,12,6,134.269776708,103.424017194,118.544487544,1646194.06989705,1486,20.5,0.73720671994778
"result.740",3,14,2,135.479414336,104.633654822,116.125212288,1646156.90053061,1493,20.5,0.73697478277804
"result.3704",7,7,14,136.20720228,99.16840166,121.86960204,1646147.6224561,1497,20,0.736916887512373
"result.433",0,11,1,135.28676109,104.0667393,116.92204239,1646128.14169901,1492,21,0.736795327418779
"result.2181",4,8,8,136.08423315,101.004741938,119.754125172,1646038.75504446,1496,20.5,0.736237553917084
"result.1753",8,13,6,136.80460229,102.75280172,117.09040196,1645946.35772799,1500,20,0.735660993858893
"result.3090",1,1,12,135.89891838,97.9451664,123.65577258,1645937.74160012,1495,21,0.735607229146098
"result.3531",10,12,13,136.264108827,100.870833807,119.747247151,1645934.80635886,1497,19.5,0.7355889132151
"result.1379",2,6,5,136.51107567,101.00595285,119.37067155,1645934.30063448,1498,21,0.735585757490568
"result.3892",3,3,15,135.479414336,97.980647868,123.98785687,1645859.54559916,1493,20.5,0.735119285420127
"result.2248",7,12,8,136.20720228,102.15540171,118.28520198,1645855.95916367,1497,20,0.735096906031483
"result.3042",1,14,11,132.62280222,103.35020173,120.07740201,1645852.12148877,1477,20,0.735072958906734
"result.2225",0,11,8,133.664957894,102.81919838,119.754125172,1645819.72127798,1483,20.5,0.734870781309692
"result.3681",0,6,14,133.664957894,99.79510431,123.383038056,1645819.72127798,1483,20.5,0.734870781309692
"result.3575",6,15,13,133.904557159,102.640497558,119.747247151,1645809.80181672,1484,19.5,0.734808883785173
"result.245",4,15,0,136.08423315,105.238473636,114.91557466,1645740.07263563,1496,20.5,0.734373773088822
"result.3493",4,10,13,134.41500225,100.96060169,121.27220203,1645738.91007921,1487,20,0.734366518726651
"result.2743",6,11,10,135.60980227,101.5580017,119.480002,1645509.71560599,1493,20,0.732936343220835
"result.2676",3,7,10,135.479414336,100.399923124,120.9637628,1645363.95404674,1493,20.5,0.732026789823604
"result.4079",14,14,15,136.83554385,100.73425143,119.36717655,1645360.27451156,1500,19,0.732003829492111
"result.2292",3,15,8,133.81760224,103.94760174,118.28520198,1645349.38607682,1483,20,0.731935885564673
"result.1874",1,5,7,135.89891838,100.39379556,120.59498613,1645326.62610201,1495,21,0.731793863123903
"result.4026",9,11,15,135.67422091,100.28094589,120.927022985,1645277.35225628,1494,19.5,0.731486393898096
"result.3449",8,7,13,136.80460229,99.16840166,121.27220203,1645262.8251874,1500,20,0.731395744862012
"result.4070",5,14,15,133.314669242,102.050609641,120.927022985,1645193.19484695,1480,19.5,0.730961250932134
"result.3537",0,13,13,132.02540221,102.75280172,121.27220203,1645176.26429799,1473,20,0.730855604159349
"result.1475",2,12,5,134.874595522,103.424017194,117.93966873,1645172.57605886,1489,20.5,0.730832589515125
"result.2835",2,1,11,136.51107567,97.9451664,123.04361529,1645166.96529619,1498,21,0.730797578307294
"result.980",3,13,3,135.479414336,104.028836008,116.730031102,1645165.71742577,1492,20.5,0.730789791584995
"result.3426",1,6,13,134.269776708,99.79510431,122.778219242,1645162.61997856,1486,20.5,0.730770463487516
"result.3637",4,3,14,136.08423315,97.980647868,123.383038056,1645142.70781798,1496,20.5,0.730646211432299
"result.337",0,5,1,136.887259665,101.58149586,118.305278715,1645060.05234636,1500,21.5,0.73013044057068
"result.2787",2,14,10,133.22020223,103.35020173,119.480002,1645040.66645151,1480,20,0.730009472418234
"result.673",0,10,2,135.28676109,103.45458201,117.53419968,1645012.8100354,1491,21,0.729835648139533
"result.1793",0,0,7,136.887259665,98.484499035,122.021674905,1645007.53478627,1500,21.5,0.729802730539037
"result.1926",5,8,7,136.689051964,101.004741938,119.149306358,1645004.20767877,1499,20.5,0.729781969359342
"result.178",1,11,0,135.89891838,104.0667393,116.3098851,1644919.21576993,1495,21,0.729251619109107
"result.1970",1,11,7,134.269776708,102.81919838,119.149306358,1644917.03666464,1486,20.5,0.729238021473168
"result.3276",11,12,12,136.853996744,100.870833807,119.157359234,1644916.91223001,1500,19.5,0.72923724499998
"result.3320",7,15,12,134.494445076,102.640497558,119.157359234,1644916.91223001,1487,19.5,0.72923724499998
"result.3238",5,10,12,135.01240226,100.96060169,120.67480202,1644910.18550489,1490,20,0.729195270176783
"result.485",4,14,1,136.08423315,104.633654822,115.520393474,1644893.80581062,1496,20.5,0.729093060742081
"result.3988",3,9,15,133.81760224,100.36320168,122.46700205,1644776.2932917,1483,20,0.728359781602222
"result.1993",8,12,7,136.80460229,102.15540171,117.68780197,1644725.76390552,1500,20,0.728044477793033
"result.2488",7,11,9,136.20720228,101.5580017,118.88260199,1644494.86379901,1496,20,0.726603659120661
"result.3282",1,13,12,132.62280222,102.75280172,120.67480202,1644479.51309941,1476,20,0.726507870621668
"result.2369",0,4,9,135.28676109,99.78163827,121.81930071,1644455.1442036,1491,21,0.72635580849991
"result.2421",4,7,9,136.08423315,100.399923124,120.358943986,1644445.78219738,1495,20.5,0.72629738949969
"result.3171",2,6,12,134.874595522,99.79510431,122.173400428,1644432.50742365,1489,20.5,0.726214554796211
"result.3815",6,14,14,133.904557159,102.050609641,120.337135068,1644411.96777407,1483,19.5,0.726086387204217
"result.3585",0,0,14,135.28676109,97.33300911,124.88008716,1644404.4473098,1491,21,0.726039459441763
"result.2465",0,10,9,133.664957894,102.214379566,120.358943986,1644401.75419786,1482,20.5,0.726022654399819
"result.3771",10,11,14,136.264108827,100.28094589,120.337135068,1644370.09433138,1496,19.5,0.725825096557739
"result.3382",5,3,13,136.689051964,97.980647868,122.778219242,1644354.18625867,1499,20.5,0.725725830045689
"result.1619",2,5,6,136.51107567,100.39379556,119.98282884,1644348.47426868,1498,21,0.725690187178468
"result.2037",4,15,7,134.41500225,103.94760174,117.68780197,1644347.75292783,1486,20,0.725685686005301
"result.3944",7,6,15,136.20720228,98.57100165,122.46700205,1644251.81105532,1496,20,0.725087007886587
"result.2532",3,14,9,133.81760224,103.35020173,118.88260199,1644155.44277449,1483,20,0.724485668976233
"result.1220",3,12,4,135.479414336,103.424017194,117.334849916,1644075.41601043,1492,20.5,0.723986301272645
"result.3733",4,9,14,134.41500225,100.36320168,121.86960204,1644059.92731031,1486,20,0.723889651649158
"result.2983",6,10,11,135.60980227,100.96060169,120.07740201,1644009.39792412,1493,20,0.723574347839969
"result.3065",8,15,11,135.084332993,102.640497558,118.567471317,1643952.59147636,1490,19.5,0.723219875111974
"result.725",4,13,2,136.08423315,104.028836008,116.125212288,1643947.97818267,1495,20.5,0.723191088119253
"result.1715",2,11,6,134.874595522,102.81919838,118.544487544,1643939.12833352,1489,20.5,0.723135864983601
"result.3921",0,5,15,133.664957894,99.190285496,123.98785687,1643863.90461574,1482,20.5,0.722666468330558
"result.418",1,10,1,135.89891838,103.45458201,116.92204239,1643849.76364822,1494,21,0.722578228570267
"result.913",0,9,3,135.28676109,102.84242472,118.14635697,1643796.08458419,1491,21,0.722243270743993
"result.3330",1,0,13,135.89891838,97.33300911,124.26792987,1643747.9110652,1494,21,0.721942667566566
"result.3027",2,13,11,133.22020223,102.75280172,120.07740201,1643709.41966941,1479,20,0.721702480922124
"result.3777",0,12,14,132.02540221,102.15540171,121.86960204,1643668.48447047,1473,20,0.721447044924806
"result.2916",3,6,11,135.479414336,99.79510431,121.568581614,1643629.38361325,1492,20.5,0.721203055235774
"result.2114",1,4,8,135.89891838,99.78163827,121.20714342,1643595.13219067,1494,21,0.720989326061019
"result.577",0,4,2,136.887259665,100.962096495,118.92467808,1643589.56066376,1499,21.5,0.720954559684661
"result.3560",7,14,13,134.494445076,102.050609641,119.747247151,1643559.7200582,1486,19.5,0.720768354046489
"result.230",5,14,0,136.689051964,104.633654822,114.91557466,1643554.15989547,1498,20.5,0.720733658582731
"result.2210",1,10,8,134.269776708,102.214379566,119.754125172,1643541.77010666,1485,20.5,0.720656346192818
"result.2166",5,7,8,136.689051964,100.399923124,119.754125172,1643454.15660007,1498,20.5,0.720109637149861
"result.2233",8,11,8,136.80460229,101.5580017,118.28520198,1643407.52257725,1499,20,0.719818640441904
"result.3689",8,6,14,136.80460229,98.57100165,121.86960204,1643407.52257725,1499,20,0.719818640441904
"result.3516",11,11,13,136.853996744,100.28094589,119.747247151,1643393.04733535,1499,19.5,0.719728314806586
"result.1782",5,15,6,135.01240226,103.94760174,117.09040196,1643271.92473077,1489,20,0.718972508700789
"result.3478",5,9,13,135.01240226,100.36320168,121.27220203,1643271.92473077,1489,20,0.718972508700789
"result.3666",1,5,14,134.269776708,99.190285496,123.383038056,1643247.07012995,1485,20.5,0.718817415775599
"result.2277",4,14,8,134.41500225,103.35020173,118.28520198,1643196.45045773,1486,20,0.718501548580734
"result.2728",7,10,10,136.20720228,100.96060169,119.480002,1643036.54733688,1495,20,0.71750375171621
"result.3075",2,0,12,136.51107567,97.33300911,123.65577258,1643018.42634898,1497,21,0.717390676594127
"result.3522",1,12,13,132.62280222,102.15540171,121.27220203,1643012.24206251,1476,20,0.717352086592804
"result.3877",4,2,15,136.08423315,97.375829054,123.98785687,1643002.15055472,1495,20.5,0.717289115496425
"result.4055",6,13,15,133.904557159,101.460721724,120.927022985,1642920.94479524,1483,19.5,0.716782390851198
"result.2810",9,15,10,135.67422091,102.640497558,117.9775834,1642916.83955577,1492,19.5,0.716756774121152
"result.965",4,12,3,136.08423315,103.424017194,116.730031102,1642902.58975177,1495,20.5,0.716667855220338
"result.1460",3,11,5,135.479414336,102.81919838,117.93966873,1642885.99628462,1491,20.5,0.716564311840991
"result.2705",0,9,10,133.664957894,101.609560752,120.9637628,1642885.99628462,1481,20.5,0.716564311840991
"result.2772",3,13,10,133.81760224,102.75280172,119.480002,1642865.98400797,1482,20,0.71643943506072
"result.2661",4,6,10,136.08423315,99.79510431,120.9637628,1642753.24854736,1495,20.5,0.715735964806208
"result.4011",10,10,15,136.264108827,99.691057973,120.927022985,1642710.55127194,1496,19.5,0.715469533436297
"result.658",1,9,2,135.89891838,102.84242472,117.53419968,1642678.45894349,1494,21,0.715269277027727
"result.1859",2,4,7,136.51107567,99.78163827,120.59498613,1642660.33652444,1497,21,0.715156192975266
"result.470",5,13,1,136.689051964,104.028836008,115.520393474,1642654.13023688,1498,20.5,0.715117465686903
"result.3305",8,14,12,135.084332993,102.050609641,119.157359234,1642636.45169934,1489,19.5,0.715007151458951
"result.163",2,10,0,136.51107567,103.45458201,116.3098851,1642609.18083522,1497,21,0.714836981029714
"result.1955",2,10,7,134.874595522,102.214379566,119.149306358,1642607.00479015,1488,20.5,0.714823402489555
"result.2609",0,3,10,135.28676109,99.16948098,122.431458,1642579.35913299,1490,21,0.714650893348452
"result.3411",2,5,13,134.874595522,99.190285496,122.778219242,1642557.66688114,1488,20.5,0.714515533508294
"result.1153",0,8,4,135.28676109,102.23026743,118.75851426,1642477.96534538,1490,21,0.714018195232157
"result.3223",6,9,12,135.60980227,100.36320168,120.67480202,1642412.28555309,1492,20,0.713608352757113
"result.3973",4,8,15,134.41500225,99.76580167,122.46700205,1642285.00266889,1485,20,0.712814106452952
"result.3267",2,12,12,133.22020223,102.15540171,120.67480202,1642283.08383144,1479,20,0.712802132890577
"result.3622",5,2,14,136.689051964,97.375829054,123.383038056,1642254.11705528,1498,20.5,0.712621379955424
"result.2820",3,0,11,137.12323296,97.33300911,123.04361529,1642215.99316113,1500,21,0.712383486524444
"result.2022",5,14,7,135.01240226,103.35020173,117.68780197,1642163.68950121,1489,20,0.712057111231734
"result.1527",6,15,5,135.60980227,103.94760174,116.49300195,1642121.90148563,1492,20,0.711796353651138
"result.3800",7,13,14,134.494445076,101.460721724,120.337135068,1642108.92842627,1486,19.5,0.71171540164793
"result.2450",1,9,9,134.269776708,101.609560752,120.358943986,1642068.27022312,1484,20.5,0.711461694106728
"result.4017",0,11,15,132.02540221,101.5580017,122.46700205,1642066.46840373,1472,20,0.711450450738103
"result.817",0,3,3,136.887259665,100.34269713,119.544077445,1642014.03386098,1499,21.5,0.711123258735356
"result.1009",0,15,3,133.664957894,105.238473636,116.730031102,1642005.87878661,1481,20.5,0.71107237100038
"result.2473",8,10,9,136.80460229,100.96060169,118.88260199,1641991.63374318,1498,20,0.710983481805506
"result.2517",4,13,9,134.41500225,102.75280172,118.88260199,1641949.20611511,1485,20,0.710718733037453
"result.2555",10,15,9,136.264108827,102.640497558,117.387695483,1641809.65646824,1495,19.5,0.709847942027513
"result.2406",5,6,9,136.689051964,99.79510431,120.358943986,1641804.10222598,1498,20.5,0.709813283507509
"result.3156",3,5,12,135.479414336,99.190285496,122.173400428,1641795.69486929,1491,20.5,0.70976082152864
"result.3756",11,10,14,136.853996744,99.691057973,120.337135068,1641773.94088477,1498,19.5,0.709625076476106
"result.2354",1,3,9,135.89891838,99.16948098,121.81930071,1641761.78569631,1493,21,0.709549227994434
"result.1205",4,11,4,136.08423315,102.81919838,117.334849916,1641757.64051794,1494,20.5,0.709523362045335
"result.710",5,12,2,136.689051964,103.424017194,116.125212288,1641654.09728288,1497,20.5,0.708877251358205
"result.1604",3,4,6,137.12323296,99.78163827,119.98282884,1641650.75720491,1500,21,0.708856409242654
"result.3050",9,14,11,135.67422091,102.050609641,118.567471317,1641642.16269749,1492,19.5,0.708802779441601
"result.1700",3,10,6,135.479414336,102.214379566,118.544487544,1641597.45824832,1491,20.5,0.708523823290031
"result.3718",5,8,14,135.01240226,99.76580167,121.86960204,1641537.29567581,1488,20,0.708148408314441
"result.403",2,9,1,136.51107567,102.84242472,116.92204239,1641483.75567239,1496,21,0.70781431822758
"result.2968",7,9,11,136.20720228,100.36320168,120.07740201,1641481.00977727,1495,20,0.70779718381813
"result.3012",3,12,11,133.81760224,102.15540171,120.07740201,1641481.00977727,1482,20,0.70779718381813
"result.3929",8,5,15,136.80460229,97.97360164,122.46700205,1641454.57246129,1498,20,0.707632214736529
"result.3762",1,11,14,132.62280222,101.5580017,121.86960204,1641450.30837807,1475,20,0.707605606820141
"result.898",1,8,3,135.89891838,102.23026743,118.14635697,1641405.30165574,1493,21,0.707324764481488
"result.2945",0,8,11,133.664957894,101.004741938,121.568581614,1641272.44753827,1481,20.5,0.706495753633204
"result.3906",1,4,15,134.269776708,98.585466682,123.98785687,1641233.28695578,1484,20.5,0.706251391257944
"result.3545",8,13,13,135.084332993,101.460721724,119.747247151,1641226.30193825,1488,19.5,0.706207804687855
"result.2195",2,9,8,134.874595522,101.609560752,119.754125172,1641176.20542876,1487,20.5,0.705895202032986
"result.1393",0,7,5,135.28676109,101.61811014,119.37067155,1641058.45231897,1490,21,0.705160421604026
"result.1767",6,14,6,135.60980227,103.35020173,117.09040196,1641057.15990494,1491,20,0.705152356929234
"result.1249",0,14,4,133.664957894,104.633654822,117.334849916,1641027.97045549,1481,20.5,0.704970214510813
"result.2901",4,5,11,136.08423315,99.190285496,121.568581614,1640961.1540944,1494,20.5,0.704553279836638
"result.2262",5,13,8,135.01240226,102.75280172,118.28520198,1640959.08599082,1488,20,0.704540374852326
"result.1272",7,15,4,136.20720228,103.94760174,115.89560194,1640897.68319242,1494,20,0.704157220856349
"result.754",1,15,2,134.269776708,105.238473636,116.125212288,1640889.47031628,1484,20.5,0.704105972437856
"result.2099",2,3,8,136.51107567,99.16948098,121.20714342,1640869.88740176,1496,21,0.703983774880961
"result.4093",12,15,15,135.67098603,101.31653034,119.36717655,1640787.01879837,1492,19,0.703466674075212
"result.2151",6,6,8,137.293870778,99.79510431,119.754125172,1640781.9446491,1500,20.5,0.703435011339681
"result.3507",2,11,13,133.22020223,101.5580017,121.27220203,1640761.65893762,1478,20,0.703308428323595
"result.3463",6,8,13,135.60980227,99.76580167,121.27220203,1640718.37849291,1491,20,0.703038357972264
"result.2300",11,15,8,136.853996744,102.640497558,116.797807566,1640631.04221377,1498,19.5,0.70249337883106
"result.2757",4,12,10,134.41500225,102.15540171,119.480002,1640606.01989999,1484,20,0.702337239375459
"result.2849",0,2,11,135.28676109,98.55732369,123.04361529,1640602.18027477,1489,21,0.702313280080697
"result.3651",2,4,14,134.874595522,98.585466682,123.383038056,1640584.15052059,1487,20.5,0.702200774257856
"result.2795",10,14,10,136.264108827,102.050609641,117.9775834,1640576.85305265,1495,19.5,0.702155237994442
"result.4040",7,12,15,134.494445076,100.870833807,120.927022985,1640564.53733421,1485,19.5,0.702078387804301
"result.950",5,11,3,136.689051964,102.81919838,116.730031102,1640554.06103348,1497,20.5,0.702013015596637
"result.1445",4,10,5,136.08423315,102.214379566,117.93966873,1640513.13048116,1494,20.5,0.701757608594247
"result.2690",1,8,10,134.269776708,101.004741938,120.9637628,1640496.537014,1484,20.5,0.701654065214898
"result.2713",8,9,10,136.80460229,100.36320168,119.480002,1640478.09740331,1498,20,0.701539001883841
"result.1057",0,2,4,136.887259665,99.723297765,120.16347681,1640333.47193801,1498,21.5,0.700636537722761
"result.455",6,12,1,137.293870778,103.424017194,115.520393474,1640329.93860375,1500,20.5,0.700614489686246
"result.3290",9,13,12,135.67422091,101.460721724,119.157359234,1640273.06533119,1491,19.5,0.700259599970974
"result.643",2,8,2,136.51107567,102.23026743,117.53419968,1640256.01913113,1496,21,0.700153231534341
"result.148",3,9,0,137.12323296,102.84242472,116.3098851,1640211.9747709,1499,21,0.699878394343552
"result.1940",3,9,7,135.479414336,101.609560752,119.149306358,1640209.80190153,1490,20.5,0.699864835619768
"result.3996",11,9,15,136.853996744,99.101170056,120.927022985,1640059.59287828,1498,19.5,0.698927530008538
"result.4084",3,15,15,132.134893408,102.640497558,120.927022985,1640059.59287828,1472,19.5,0.698927530008538
"result.2646",5,5,10,136.689051964,99.190285496,120.9637628,1640054.04455648,1497,20.5,0.698892908432289
"result.3862",5,1,15,136.689051964,96.77101024,123.98785687,1640054.04455648,1497,20.5,0.698892908432289
"result.1138",1,7,4,135.89891838,101.61811014,118.75851426,1640030.29178498,1492,21,0.698744690931548
"result.3252",3,11,12,133.81760224,101.5580017,120.67480202,1640000.52008238,1481,20,0.698558915248465
"result.994",1,14,3,134.269776708,104.633654822,116.730031102,1639956.25372337,1483,20.5,0.698282692783333
"result.1489",0,13,5,133.664957894,104.028836008,117.93966873,1639952.27129125,1480,20.5,0.698257842372289
"result.1844",3,3,7,137.12323296,99.16948098,120.59498613,1639903.66424933,1499,21,0.697954534008031
"result.2007",6,13,7,135.60980227,102.75280172,117.68780197,1639895.6236351,1491,20,0.697904360505338
"result.1512",7,14,5,136.20720228,103.35020173,116.49300195,1639876.86166892,1494,20,0.697787285673233
"result.3396",3,4,13,135.479414336,98.585466682,122.778219242,1639862.88781483,1490,20.5,0.697700088702202
"result.3208",7,8,12,136.20720228,99.76580167,120.67480202,1639828.25112019,1494,20,0.697483955426419
"result.2594",1,2,10,135.89891838,98.55732369,122.431458,1639826.58661894,1492,21,0.697473568924151
"result.4002",1,10,15,132.62280222,100.96060169,122.46700205,1639793.71204608,1474,20,0.697268431303682
"result.3838",13,15,14,136.25326494,101.31653034,118.78489764,1639790.83281396,1494,19,0.697250464870218
"result.3785",8,12,14,135.084332993,100.870833807,120.337135068,1639722.14219309,1488,19.5,0.696821834798686
"result.2801",0,15,10,132.02540221,103.94760174,119.480002,1639710.56242324,1471,20,0.696749576934129
"result.3958",5,7,15,135.01240226,99.16840166,122.46700205,1639706.29834002,1487,20,0.696722969017743
"result.499",2,15,1,134.874595522,105.238473636,115.520393474,1639696.06815835,1487,20.5,0.696659132595158
"result.2502",5,12,9,135.01240226,102.15540171,118.88260199,1639658.1141996,1487,20,0.696422299562566
"result.2435",2,8,9,134.874595522,101.004741938,120.358943986,1639646.73024933,1487,20.5,0.696351263613896
"result.1017",8,15,3,136.80460229,103.94760174,115.29820193,1639599.26985113,1497,20,0.696055110316421
"result.3185",0,7,12,133.664957894,100.399923124,122.173400428,1639561.1079588,1480,20.5,0.695816979776462
"result.1633",0,6,6,135.28676109,101.00595285,119.98282884,1639537.54550496,1489,21,0.695669949859598
"result.2540",11,14,9,136.853996744,102.050609641,117.387695483,1639440.52276482,1497,19.5,0.695064527117471
"result.2458",9,9,9,137.4020023,100.36320168,118.88260199,1639403.54843121,1500,20,0.694833806954245
"result.1190",5,10,4,136.689051964,102.214379566,117.334849916,1639354.02148868,1496,20.5,0.694524758402201
"result.3829",4,15,14,132.724781325,102.640497558,120.337135068,1639345.28120891,1475,19.5,0.694470218980385
"result.695",6,11,2,137.293870778,102.81919838,116.125212288,1639275.25783124,1500,20.5,0.694033272494896
"result.3607",6,1,14,137.293870778,96.77101024,123.383038056,1639275.25783124,1500,20.5,0.694033272494896
"result.3035",10,13,11,136.264108827,101.460721724,118.567471317,1639249.21860509,1494,19.5,0.693870787497287
"result.1685",4,9,6,136.08423315,101.609560752,118.544487544,1639169.05964144,1493,20.5,0.69337059486707
"result.2997",4,11,11,134.41500225,101.5580017,120.07740201,1639166.89181236,1484,20,0.69335706759475
"result.3747",2,10,14,133.22020223,100.96060169,121.86960204,1639145.14498792,1477,20,0.693221367221176
"result.3741",12,9,14,137.443884661,99.101170056,120.337135068,1639094.04055278,1500,19.5,0.692902475101517
"result.2391",6,5,9,137.293870778,99.190285496,120.358943986,1639074.36625553,1500,20.5,0.692779707315592
"result.3141",4,4,12,136.08423315,98.585466682,122.173400428,1639069.4988385,1493,20.5,0.692749334590982
"result.388",3,8,1,137.12323296,102.23026743,116.92204239,1639030.11777154,1499,21,0.692503596390719
"result.2339",2,2,9,136.51107567,98.55732369,121.81930071,1638977.12690064,1495,21,0.692172932895552
"result.3703",6,7,14,135.60980227,99.16840166,121.86960204,1638927.67674357,1490,20,0.691864363485424
"result.883",2,7,3,136.51107567,101.61811014,118.14635697,1638925.97121142,1495,21,0.69185372095
"result.1234",1,13,4,134.269776708,104.028836008,117.334849916,1638924.80380489,1483,20.5,0.691846436323069
"result.2546",1,15,9,132.62280222,103.94760174,118.88260199,1638894.41689443,1474,20,0.691656821737604
"result.2953",8,8,11,136.80460229,99.76580167,120.07740201,1638866.91355765,1497,20,0.691485200676905
"result.2930",1,7,11,134.269776708,100.399923124,121.568581614,1638826.57047932,1483,20.5,0.69123345951733
"result.3530",9,12,13,135.67422091,100.870833807,119.747247151,1638809.54745688,1491,19.5,0.691127235709268
"result.739",2,14,2,134.874595522,104.633654822,116.125212288,1638807.9857961,1486,20.5,0.69111749093246
"result.1729",0,12,6,133.664957894,103.424017194,118.544487544,1638778.78129391,1480,20.5,0.690935254584809
"result.1752",7,13,6,136.20720228,102.75280172,117.09040196,1638758.81904795,1494,20,0.690810689996488
"result.3583",14,15,13,136.83554385,101.31653034,118.20261873,1638725.94434787,1497,19,0.690605551582123
"result.2180",3,8,8,135.479414336,101.004741938,119.754125172,1638723.02724426,1490,20.5,0.690587348830199
"result.2247",6,12,8,135.60980227,102.15540171,118.28520198,1638637.29267611,1490,20,0.69005236437945
"result.1257",8,14,4,136.80460229,103.35020173,115.89560194,1638622.79479315,1497,20,0.689961897463733
"result.3914",9,4,15,137.4020023,97.37620163,122.46700205,1638569.92016119,1500,20,0.689631959300532
"result.3574",5,15,13,133.314669242,102.640497558,119.747247151,1638559.5383726,1477,19.5,0.689567176849415
"result.1378",1,6,5,135.89891838,101.00595285,119.37067155,1638553.42933119,1492,21,0.689529056377912
"result.1297",0,1,5,136.887259665,99.1038984,120.782876175,1638547.87489485,1497,21.5,0.689494396646881
"result.3089",0,1,12,135.28676109,97.9451664,123.65577258,1638523.60762895,1488,21,0.689342968696648
"result.3891",2,3,15,134.874595522,97.980647868,123.98785687,1638511.95834202,1486,20.5,0.689270277044894
"result.3041",0,14,11,132.02540221,103.35020173,120.07740201,1638438.37319377,1470,20,0.688811105079983
"result.244",3,15,0,135.479414336,105.238473636,114.91557466,1638425.6723128,1489,20.5,0.688731851472286
"result.3492",3,10,13,133.81760224,100.96060169,121.27220203,1638424.5149233,1480,20,0.688724629351724
"result.4078",13,14,15,136.25326494,100.73425143,119.36717655,1638358.74142853,1494,19,0.688314202172434
"result.2742",5,11,10,135.01240226,101.5580017,119.480002,1638260.77412755,1487,20,0.687702885362453
"result.2285",12,14,8,137.443884661,102.050609641,116.797807566,1638233.171834,1500,19.5,0.68753064681069
"result.762",9,15,2,137.4020023,103.94760174,114.70080192,1638226.66146177,1500,20,0.687490022031355
"result.2886",5,4,11,136.689051964,98.585466682,121.568581614,1638203.98359159,1496,20.5,0.687348511924198
"result.2780",11,13,10,136.853996744,101.460721724,117.9775834,1638154.76175995,1497,19.5,0.687041367266795
"result.4025",8,11,15,135.084332993,100.28094589,120.927022985,1638123.97246386,1487,19.5,0.686849241791444
"result.935",6,10,3,137.293870778,102.214379566,116.730031102,1638120.13127089,1499,20.5,0.686825272713894
"result.3448",7,7,13,136.20720228,99.16840166,121.27220203,1638078.27136563,1493,20,0.686564066541078
"result.1430",5,9,5,136.689051964,101.609560752,117.93966873,1638053.97864849,1496,20.5,0.686412479774894
"result.2084",3,2,8,137.12323296,98.55732369,121.20714342,1638053.80111989,1498,21,0.686411371994901
"result.2675",2,7,10,134.874595522,100.399923124,120.9637628,1638018.57925188,1486,20.5,0.686191587232284
"result.2291",2,15,8,133.22020223,103.94760174,118.28520198,1638004.07631755,1477,20,0.686101088795938
"result.1873",0,5,7,135.28676109,100.39379556,120.59498613,1637915.24490335,1488,21,0.685546779998877
"result.4069",4,14,15,132.724781325,102.050609641,120.927022985,1637913.57894055,1474,19.5,0.685536384376541
"result.2698",9,8,10,137.4020023,99.76580167,119.480002,1637834.36580529,1500,20,0.685042093723724
"result.3636",3,3,14,135.479414336,97.980647868,123.383038056,1637830.9624499,1489,20.5,0.685020856756459
"result.3275",10,12,12,136.264108827,100.870833807,119.157359234,1637826.75312557,1493,19.5,0.68499459053605
"result.979",2,13,3,134.874595522,104.028836008,116.730031102,1637821.22761583,1486,20.5,0.68496011130724
"result.1474",1,12,5,134.269776708,103.424017194,117.93966873,1637795.12056084,1482,20.5,0.684797203057066
"result.2834",1,1,11,135.89891838,97.9451664,123.04361529,1637789.53495854,1491,21,0.684762348850168
"result.3425",0,6,13,133.664957894,99.79510431,122.778219242,1637751.97754623,1479,20.5,0.684527990270763
"result.628",3,7,2,137.12323296,101.61811014,117.53419968,1637745.49059832,1498,21,0.684487511659379
"result.1925",4,8,7,136.08423315,101.004741938,119.149306358,1637725.42799878,1492,20.5,0.684362320863806
"result.3319",6,15,12,133.904557159,102.640497558,119.157359234,1637702.36436935,1480,19.5,0.684218403615631
"result.2786",1,14,10,132.62280222,103.35020173,119.480002,1637663.80247639,1473,20,0.683977777068234
"result.3237",4,10,12,134.41500225,100.96060169,120.67480202,1637631.82185222,1483,20,0.683778217695328
"result.3328",15,15,12,137.41782276,101.31653034,117.62033982,1637592.3534001,1500,19,0.683531934210923
"result.484",3,14,1,135.479414336,104.633654822,115.520393474,1637583.16667368,1489,20.5,0.683474608958197
"result.1497",8,13,5,136.80460229,102.75280172,116.49300195,1637548.67222938,1496,20,0.683259363325777
"result.1992",7,12,7,136.20720228,102.15540171,117.68780197,1637543.55532951,1493,20,0.683227433826113
"result.1042",1,1,4,137.50665903,99.1038984,120.16347681,1637521.28729485,1500,21.5,0.683088481096202
"result.177",0,11,0,135.28676109,104.0667393,116.3098851,1637509.66975294,1488,21,0.683015987533697
"result.1969",0,11,7,133.664957894,102.81919838,119.149306358,1637507.50046345,1479,20.5,0.68300245114837
"result.1123",2,6,4,136.51107567,101.00595285,118.75851426,1637493.61191328,1495,21,0.682915786474555
"result.3987",2,9,15,133.22020223,100.36320168,122.46700205,1637433.54198237,1476,20,0.68254094958332
"result.3823",14,14,14,136.83554385,100.73425143,118.78489764,1637334.12683102,1496,19,0.681920598174433
"result.3981",12,8,15,137.443884661,98.511282139,120.927022985,1637324.47707529,1500,19.5,0.681860383614818
"result.1002",9,14,3,137.4020023,103.35020173,115.29820193,1637294.95927763,1499,20,0.681676192300734
"result.2487",6,11,9,135.60980227,101.5580017,118.88260199,1637282.16702796,1490,20,0.681596368551571
"result.2631",6,4,10,137.293870778,98.585466682,120.9637628,1637266.3420741,1499,20.5,0.681497620701848
"result.3770",9,11,14,135.67422091,100.28094589,120.337135068,1637251.60907454,1490,19.5,0.681405686656485
"result.3814",5,14,14,133.314669242,102.050609641,120.337135068,1637167.86218916,1477,19.5,0.680883105363529
"result.3193",8,7,12,136.80460229,99.16840166,120.67480202,1637158.08220619,1496,20,0.680822078184702
"result.2420",3,7,9,135.479414336,100.399923124,120.358943986,1637137.1342765,1489,20.5,0.680691362921326
"result.3381",4,3,13,136.08423315,97.980647868,122.778219242,1637078.28277965,1492,20.5,0.68032412906924
"result.3281",0,13,12,132.02540221,102.75280172,120.67480202,1637071.94772509,1470,20,0.680284598273678
"result.3170",1,6,12,134.269776708,99.79510431,122.173400428,1637058.37061906,1482,20.5,0.680199877014023
"result.3943",6,6,15,135.60980227,98.57100165,122.46700205,1637040.18030508,1489,20,0.680086369296593
"result.2036",3,15,7,133.81760224,103.94760174,117.68780197,1637039.5406926,1480,20,0.680082378109135
"result.3847",6,0,15,137.293870778,96.166191426,123.98785687,1637015.22760446,1499,20.5,0.679930664227718
"result.2525",12,13,9,137.443884661,101.460721724,117.387695483,1636989.69479577,1499,19.5,0.679771339279497
"result.2579",2,1,10,136.51107567,97.9451664,122.431458,1636982.05502109,1494,21,0.679723667019039
"result.1618",1,5,6,135.89891838,100.39379556,119.98282884,1636974.71429438,1491,21,0.679677860820575
"result.1175",6,9,4,137.293870778,101.609560752,117.334849916,1636864.55892267,1499,20.5,0.678990490343239
"result.2531",2,14,9,133.22020223,103.35020173,118.88260199,1636815.46311925,1476,20,0.678684132102983
"result.3020",11,12,11,136.853996744,100.870833807,118.567471317,1636773.75919917,1496,19.5,0.678423899279031
"result.3064",7,15,11,134.494445076,102.640497558,118.567471317,1636773.75919917,1483,19.5,0.678423899279031
"result.2982",5,10,11,135.01240226,100.96060169,120.07740201,1636767.06577467,1486,20,0.678382132251987
"result.3732",3,9,14,133.81760224,100.36320168,121.86960204,1636752.99430004,1479,20,0.678294326127909
"result.1219",2,12,4,134.874595522,103.424017194,117.334849916,1636735.79361753,1485,20.5,0.6781869937195
"result.1537",0,0,6,136.887259665,98.484499035,121.40227554,1636657.24273151,1496,21.5,0.677696835507713
"result.1670",5,8,6,136.689051964,101.004741938,118.544487544,1636653.93251289,1495,20.5,0.677676179714718
"result.724",3,13,2,135.479414336,104.028836008,116.125212288,1636641.54272408,1489,20.5,0.677598867324804
"result.1714",1,11,6,134.269776708,102.81919838,118.544487544,1636567.20399122,1482,20.5,0.677134992985326
"result.81",0,5,0,136.887259665,101.58149586,117.68587935,1636447.17249114,1496,21.5,0.676385995381138
"result.417",0,10,1,135.28676109,103.45458201,116.92204239,1636445.03498314,1487,21,0.676372657312598
"result.1737",8,12,6,136.80460229,102.15540171,117.09040196,1636376.9021598,1496,20,0.675947507902551
"result.868",3,6,3,137.12323296,101.00595285,118.14635697,1636358.09325123,1497,21,0.675830140149532
"result.3559",6,14,13,133.904557159,102.050609641,119.747247151,1636351.12479479,1480,19.5,0.675786656920707
"result.3329",0,0,13,135.28676109,97.33300911,124.26792987,1636343.64119554,1487,21,0.675739959196303
"result.3026",1,13,11,132.62280222,102.75280172,120.07740201,1636338.5254108,1473,20,0.675708036655066
"result.3515",10,11,13,136.264108827,100.28094589,119.747247151,1636309.45661407,1493,19.5,0.675526647110732
"result.2915",2,6,11,134.874595522,99.79510431,121.568581614,1636291.75243641,1485,20.5,0.675416172888152
"result.229",4,14,0,136.08423315,104.633654822,114.91557466,1636281.79635611,1492,20.5,0.675354046860542
"result.1242",9,13,4,137.4020023,102.75280172,115.89560194,1636265.18317937,1499,20,0.675250380493204
"result.3126",5,3,12,136.689051964,97.980647868,122.173400428,1636253.91933129,1495,20.5,0.675180093983237
"result.3568",15,14,13,137.41782276,100.73425143,118.20261873,1636241.20459367,1499,19,0.675100753909898
"result.2232",7,11,8,136.20720228,101.5580017,118.28520198,1636231.07051359,1492,20,0.675037517162106
"result.3688",7,6,14,136.20720228,98.57100165,121.86960204,1636231.07051359,1492,20,0.675037517162106
"result.2113",0,4,8,135.28676109,99.78163827,121.20714342,1636191.55051413,1487,21,0.674790912021861
"result.2165",4,7,8,136.08423315,100.399923124,119.754125172,1636182.23555317,1492,20.5,0.674732786584455
"result.2938",9,7,11,137.4020023,99.16840166,120.07740201,1636167.10926525,1499,20,0.674638398416297
"result.2209",0,10,8,133.664957894,102.214379566,119.754125172,1636138.42879988,1478,20.5,0.674459432062977
"result.2324",3,1,9,137.12323296,97.9451664,121.81930071,1636101.16781659,1497,21,0.674226923203264
"result.1781",4,15,6,134.41500225,103.94760174,117.09040196,1636000.81001957,1482,20,0.673600689677194
"result.3477",4,9,13,134.41500225,100.36320168,121.27220203,1636000.81001957,1482,20,0.673600689677194
"result.1363",2,5,5,136.51107567,100.39379556,119.37067155,1635958.9412367,1494,21,0.673339428108007
"result.2276",3,14,8,133.81760224,103.35020173,118.28520198,1635893.35512236,1479,20,0.672930170184233
"result.4063",14,13,15,136.83554385,100.15197252,119.36717655,1635849.5214797,1496,19,0.672656647872897
"result.3665",0,5,14,133.664957894,99.190285496,123.383038056,1635845.05630054,1478,20.5,0.672628785116106
"result.2727",6,10,10,135.60980227,100.96060169,119.480002,1635830.24669066,1489,20,0.672536373021702
"result.2809",8,15,10,135.084332993,102.640497558,117.9775834,1635773.72286205,1486,19.5,0.672183663839617
"result.3876",3,2,15,135.479414336,97.375829054,123.98785687,1635699.91877447,1488,20.5,0.671723125691411
"result.4054",5,13,15,133.314669242,101.460721724,120.927022985,1635683.4075935,1476,19.5,0.671620095778585
"result.1282",1,0,5,137.50665903,98.484499035,120.782876175,1635674.85543095,1499,21.5,0.67156673020991
"result.3074",1,0,12,135.89891838,97.33300911,123.65577258,1635650.63071512,1490,21,0.671415567772485
"result.2765",12,12,10,137.443884661,100.870833807,117.9775834,1635650.56567767,1499,19.5,0.671415161938211
"result.3521",0,12,13,132.02540221,102.15540171,121.27220203,1635611.28601718,1469,20,0.671170056515214
"result.964",3,12,3,135.479414336,103.424017194,116.730031102,1635600.80046399,1488,20.5,0.671104626572106
"result.4010",9,10,15,135.67422091,99.691057973,120.927022985,1635599.25018418,1489,19.5,0.671094952812625
"result.1459",2,11,5,134.874595522,102.81919838,117.93966873,1635551.6838012,1485,20.5,0.670798138169236
"result.2771",2,13,10,133.22020223,102.75280172,119.480002,1635531.76086508,1476,20,0.670673818874592
"result.1415",6,8,5,137.293870778,101.004741938,117.93966873,1635508.5407866,1498,20.5,0.670528925382932
"result.3304",7,14,12,134.494445076,102.050609641,119.157359234,1635463.36675742,1483,19.5,0.670247039048074
"result.2660",3,6,10,135.479414336,99.79510431,120.9637628,1635452.12299826,1488,20.5,0.67017687789315
"result.469",4,13,1,136.08423315,104.028836008,115.520393474,1635385.74912963,1491,20.5,0.669762704375758
"result.2871",6,3,11,137.293870778,97.980647868,121.568581614,1635357.87210481,1498,20.5,0.669588751498454
"result.3433",8,6,13,136.80460229,98.57100165,121.27220203,1635351.60334893,1495,20,0.669549634407229
"result.3260",11,11,12,136.853996744,100.28094589,119.157359234,1635297.51508246,1495,19.5,0.669212123154181
"result.1858",1,4,7,135.89891838,99.78163827,120.59498613,1635294.14667455,1490,21,0.669191104259539
"result.657",0,9,2,135.28676109,102.84242472,117.53419968,1635279.00642573,1487,21,0.669096628975206
"result.162",1,10,0,135.89891838,103.45458201,116.3098851,1635243.22038304,1490,21,0.66887332375769
"result.1954",1,10,7,134.269776708,102.214379566,119.149306358,1635241.05409602,1481,20.5,0.668859806107845
"result.3410",1,5,13,134.269776708,99.190285496,122.778219242,1635191.93743324,1481,20.5,0.668553317704975
"result.3222",5,9,12,135.01240226,100.36320168,120.67480202,1635176.98914096,1485,20,0.668460040231169
"result.1910",5,7,7,136.689051964,100.399923124,119.149306358,1635153.88308189,1495,20.5,0.668315858221671
"result.613",4,6,2,137.73539025,101.00595285,117.53419968,1635146.87334505,1500,21,0.668272117402839
"result.2069",4,1,8,137.73539025,97.9451664,121.20714342,1635146.87334505,1500,21,0.668272117402839
"result.1482",9,12,5,137.4020023,102.15540171,116.49300195,1635137.33316699,1498,20,0.668212586608768
"result.1977",8,11,7,136.80460229,101.5580017,117.68780197,1635107.48458443,1495,20,0.668026331194057
"result.321",0,4,1,136.887259665,100.962096495,118.305278715,1635029.19836864,1496,21.5,0.667537824526762
"result.3621",4,2,14,136.08423315,97.375829054,123.383038056,1634987.50591786,1491,20.5,0.66727766327141
"result.3972",3,8,15,133.81760224,99.76580167,122.46700205,1634985.95821259,1479,20,0.66726800557702
"result.3266",1,12,12,132.62280222,102.15540171,120.67480202,1634918.58569767,1472,20,0.666847600498101
"result.3799",6,13,14,133.904557159,101.460721724,120.337135068,1634906.69628405,1479,19.5,0.66677341045372
"result.2021",4,14,7,134.41500225,103.35020173,117.68780197,1634897.47848572,1482,20,0.666715891311984
"result.1526",5,15,5,135.01240226,103.94760174,116.49300195,1634887.88429847,1485,20,0.666656023500111
"result.2819",2,0,11,136.51107567,97.33300911,123.04361529,1634884.67176309,1493,21,0.666635977251425
"result.1108",3,5,4,137.12323296,100.39379556,118.75851426,1634867.9257303,1497,21,0.666531481861176
"result.2472",7,10,9,136.20720228,100.96060169,118.88260199,1634821.36460019,1492,20,0.66624094000447
"result.3808",15,13,14,137.41782276,100.15197252,118.78489764,1634796.87311092,1498,19,0.666088112898457
"result.2554",9,15,9,135.67422091,102.640497558,117.387695483,1634702.25535799,1489,19.5,0.665497697297386
"result.3755",10,10,14,136.264108827,99.691057973,120.337135068,1634697.32907061,1492,19.5,0.66546695722133
"result.2449",0,9,9,133.664957894,101.609560752,120.358943986,1634671.56630319,1478,20.5,0.665306197328627
"result.2516",3,13,9,133.81760224,102.75280172,118.88260199,1634651.65408793,1479,20,0.665181944932256
"result.2405",4,6,9,136.08423315,99.79510431,120.358943986,1634539.48230462,1491,20.5,0.664481992029017
"result.3049",8,14,11,135.084332993,102.050609641,118.567471317,1634504.58807707,1485,19.5,0.66426425174563
"result.3155",2,5,12,134.874595522,99.190285496,122.173400428,1634466.2498029,1484,20.5,0.664025020581496
"result.1204",3,11,4,135.479414336,102.81919838,117.334849916,1634460.93989341,1488,20.5,0.663991886700103
"result.3178",9,6,12,137.4020023,98.57100165,120.67480202,1634401.77881109,1498,20,0.663622721031962
"result.709",4,12,2,136.08423315,103.424017194,116.125212288,1634390.14110021,1491,20.5,0.663550101614886
"result.2353",0,3,9,135.28676109,99.16948098,121.81930071,1634366.46233732,1486,21,0.66340234592855
"result.1603",2,4,6,136.51107567,99.78163827,119.98282884,1634321.95918168,1493,21,0.663124645850357
"result.3928",7,5,15,136.20720228,97.97360164,122.46700205,1634286.64856408,1491,20,0.662904307289505
"result.2967",6,9,11,135.60980227,100.36320168,120.07740201,1634281.53166421,1488,20,0.66287237778984
"result.3717",4,8,14,134.41500225,99.76580167,121.86960204,1634273.85631441,1482,20,0.662824483540342
"result.1699",2,10,6,134.874595522,102.214379566,118.544487544,1634268.89816685,1484,20.5,0.662793544656452
"result.3005",12,11,11,137.443884661,100.28094589,118.567471317,1634215.78447971,1498,19.5,0.662462114786833
"result.3366",5,2,13,136.689051964,97.375829054,122.778219242,1634203.85177559,1494,20.5,0.662387654609408
"result.3011",2,12,11,133.22020223,102.15540171,120.07740201,1634152.96955505,1475,20,0.662070149110763
"result.402",1,9,1,135.89891838,102.84242472,116.92204239,1634122.84196983,1490,21,0.661882152716999
"result.3544",7,13,13,134.494445076,101.460721724,119.747247151,1634059.37485555,1482,19.5,0.661486117372048
"result.3761",0,11,14,132.02540221,101.5580017,121.86960204,1634056.38807006,1468,20,0.661467479804592
"result.214",5,13,0,136.689051964,104.028836008,114.91557466,1634053.84683249,1494,20.5,0.661451622460104
"result.1655",6,7,6,137.293870778,100.399923124,118.544487544,1634052.07686266,1497,20.5,0.661440577832972
"result.2564",3,0,10,137.12323296,97.33300911,122.431458,1634045.76433943,1496,21,0.661401187633119
"result.897",0,8,3,135.28676109,102.23026743,118.14635697,1634011.58408072,1486,21,0.661187902521517
"result.1722",9,11,6,137.4020023,101.5580017,117.09040196,1633911.40924049,1498,20,0.660562810647423
"result.3905",0,4,15,133.664957894,98.585466682,123.98785687,1633840.34422174,1477,20.5,0.660119364312494
"result.66",1,4,0,137.50665903,100.962096495,117.68587935,1633828.42356706,1498,21.5,0.660044979323619
"result.1766",5,14,6,135.01240226,103.35020173,117.09040196,1633827.83320933,1485,20,0.660041295486233
"result.2194",1,9,8,134.269776708,101.609560752,119.754125172,1633816.67087526,1481,20.5,0.659971642424624
"result.4092",11,15,15,135.08870712,101.31653034,119.36717655,1633745.01442584,1485,19,0.659524505557156
"result.2217",8,10,8,136.80460229,100.96060169,118.28520198,1633740.41950326,1495,20,0.659495833200294
"result.3500",11,10,13,136.853996744,99.691057973,119.747247151,1633726.02940984,1495,19.5,0.659406038892242
"result.853",4,5,3,137.73539025,100.39379556,118.14635697,1633701.66777518,1500,21,0.659254022080082
"result.1271",6,15,4,135.60980227,103.94760174,115.89560194,1633700.76352929,1488,20,0.659248379577891
"result.2261",4,13,8,134.41500225,102.75280172,118.28520198,1633698.20507936,1481,20,0.659232414828059
"result.2900",3,5,11,135.479414336,99.190285496,121.568581614,1633667.99340954,1487,20.5,0.659043893745667
"result.2299",10,15,8,136.264108827,102.640497558,116.797807566,1633559.35668699,1491,19.5,0.65836599965234
"result.2150",5,6,8,136.689051964,99.79510431,119.754125172,1633553.8303555,1494,20.5,0.658331515295754
"result.2098",1,3,8,135.89891838,99.16948098,121.20714342,1633511.72647171,1489,21,0.658068786694804
"result.561",0,3,2,136.887259665,100.34269713,118.92467808,1633506.18912595,1495,21.5,0.6580342336091
"result.753",0,15,2,133.664957894,105.238473636,116.125212288,1633498.07630585,1477,20.5,0.657983609541146
"result.3462",5,8,13,135.01240226,99.76580167,121.27220203,1633490.54422642,1485,20,0.657936609299998
"result.2794",9,14,10,135.67422091,102.050609641,117.9775834,1633474.78875372,1488,19.5,0.657838295013375
"result.3673",8,5,14,136.80460229,97.97360164,121.86960204,1633447.47698587,1494,20,0.657667869344487
"result.3506",1,11,13,132.62280222,101.5580017,121.27220203,1633403.983337,1471,20,0.657396468597337
"result.4039",6,12,15,133.904557159,100.870833807,120.927022985,1633369.07883713,1478,19.5,0.657178664214669
"result.3111",6,2,12,137.293870778,97.375829054,122.173400428,1633348.95634766,1497,20.5,0.657053099705406
"result.2712",7,9,10,136.20720228,100.36320168,119.480002,1633314.43758932,1491,20,0.656837702353205
"result.2756",3,12,10,133.81760224,102.15540171,119.480002,1633314.43758932,1478,20,0.656837702353205
"result.949",4,11,3,136.08423315,102.81919838,116.730031102,1633294.97226785,1490,20.5,0.656716238577928
"result.1348",3,4,5,137.12323296,99.78163827,119.37067155,1633274.9880355,1496,21,0.656591536794315
"result.4048",15,12,15,137.41782276,99.56969361,119.36717655,1633259.35895188,1498,19,0.6564940111766
"result.3650",1,4,14,134.269776708,98.585466682,123.383038056,1633227.27092185,1480,20.5,0.656293781590188
"result.1444",3,10,5,135.479414336,102.214379566,117.93966873,1633221.96101236,1487,20.5,0.656260647708797
"result.3289",8,13,12,135.084332993,101.460721724,119.157359234,1633141.44330801,1485,19.5,0.65575821653357
"result.2309",4,0,9,137.73539025,97.33300911,121.81930071,1633133.90844415,1499,21,0.655711198917569
"result.2689",0,8,10,133.664957894,101.004741938,120.9637628,1633106.9129734,1477,20.5,0.655542746945318
"result.454",5,12,1,136.689051964,103.424017194,115.520393474,1633103.8155262,1494,20.5,0.655523418847841
"result.3995",10,9,15,136.264108827,99.101170056,120.927022985,1632990.37049518,1491,19.5,0.654815520867846
"result.642",1,8,2,135.89891838,102.23026743,117.53419968,1632900.61097359,1489,21,0.65425542067261
"result.147",2,9,0,136.51107567,102.84242472,116.3098851,1632889.59988353,1493,21,0.654186711374912
"result.1939",2,9,7,134.874595522,101.609560752,119.149306358,1632887.43671447,1484,20.5,0.654173213181144
"result.1400",7,7,5,137.898689592,100.399923124,117.93966873,1632876.81689549,1500,20.5,0.654106945418361
"result.2645",4,5,10,136.08423315,99.190285496,120.9637628,1632797.16825313,1490,20.5,0.653609937197492
"result.3861",4,1,15,136.08423315,96.77101024,123.98785687,1632797.16825313,1490,20.5,0.653609937197492
"result.3837",12,15,14,135.67098603,101.31653034,118.78489764,1632783.17968228,1488,19,0.653522648393714
"result.4083",2,15,15,131.545005491,102.640497558,120.927022985,1632737.89826721,1465,19.5,0.653240091969965
"result.3245",12,10,12,137.443884661,99.691057973,119.157359234,1632685.35120188,1498,19.5,0.652912197825364
"result.1511",6,14,5,135.60980227,103.35020173,116.49300195,1632684.41929318,1487,20,0.652906382706984
"result.3251",2,11,12,133.22020223,101.5580017,120.67480202,1632679.08918915,1474,20,0.652873122811499
"result.2006",5,13,7,135.01240226,102.75280172,117.68780197,1632671.41383935,1484,20,0.652825228562002
"result.1137",0,7,4,135.28676109,101.61811014,118.75851426,1632642.76794811,1486,21,0.652646477951533
"result.3207",6,8,12,135.60980227,99.76580167,120.67480202,1632636.02194861,1487,20,0.652604382855988
"result.1962",9,10,7,137.4020023,100.96060169,117.68780197,1632587.41139987,1497,20,0.652301052609172
"result.1843",2,3,7,136.51107567,99.16948098,120.59498613,1632582.66574822,1492,21,0.652271439701603
"result.993",0,14,3,133.664957894,104.633654822,116.730031102,1632569.06339128,1477,20.5,0.652186560876056
"result.3784",7,12,14,134.494445076,100.870833807,120.337135068,1632561.78349356,1481,19.5,0.652141134250954
"result.3395",2,4,13,134.874595522,98.585466682,122.778219242,1632542.07135137,1483,20.5,0.652018130312318
"result.3418",9,5,13,137.4020023,97.97360164,121.27220203,1632538.37444281,1497,20,0.651995061570718
"result.1895",6,6,7,137.293870778,99.79510431,119.149306358,1632495.16715088,1497,20.5,0.65172544769336
"result.3957",4,7,15,134.41500225,99.16840166,122.46700205,1632450.96073674,1481,20,0.651449599284779
"result.2593",0,2,10,135.28676109,98.55732369,122.431458,1632439.9803729,1486,21,0.651381081718943
"result.1016",7,15,3,136.20720228,103.94760174,115.29820193,1632439.44771204,1491,20,0.651377757910534
"result.2856",7,2,11,137.898689592,97.375829054,121.568581614,1632422.81963407,1500,20.5,0.651273998559404
"result.4001",0,10,15,132.02540221,100.96060169,122.46700205,1632407.25388371,1468,20,0.65117686814181
"result.2501",4,12,9,134.41500225,102.15540171,118.88260199,1632402.98980049,1481,20,0.651150260225422
"result.2539",10,14,9,136.264108827,102.050609641,117.387695483,1632373.96878739,1491,19.5,0.65096916885131
"result.306",1,3,1,137.50665903,100.34269713,118.305278715,1632351.27807594,1498,21.5,0.650827578614586
"result.2044",11,15,7,136.853996744,102.640497558,116.207919649,1632345.02684906,1494,19.5,0.650788570904479
"result.498",1,15,1,134.269776708,105.238473636,115.520393474,1632343.17099172,1480,20.5,0.650776990338535
"result.2434",1,8,9,134.269776708,101.004741938,120.358943986,1632294.05432893,1480,20.5,0.650470501935665
"result.2457",8,9,9,136.80460229,100.36320168,118.88260199,1632275.70691629,1494,20,0.650356013921262
"result.1093",4,4,4,137.73539025,99.78163827,118.75851426,1632153.23323602,1499,21,0.649591777091412
"result.3034",9,13,11,135.67422091,101.460721724,118.567471317,1632152.90164143,1488,19.5,0.649589707938287
"result.1189",4,10,4,136.08423315,102.214379566,117.334849916,1632100.24263254,1490,20.5,0.649261115264881
"result.3740",11,9,14,136.853996744,99.101170056,120.337135068,1632059.30218131,1494,19.5,0.649005646493219
"result.3828",3,15,14,132.134893408,102.640497558,120.337135068,1632059.30218131,1468,19.5,0.649005646493219
"result.694",5,11,2,136.689051964,102.81919838,116.125212288,1632053.7809245,1493,20.5,0.648971193802707
"result.3606",5,1,14,136.689051964,96.77101024,123.383038056,1632053.7809245,1493,20.5,0.648971193802707
"result.1684",3,9,6,135.479414336,101.609560752,118.544487544,1631883.86382081,1486,20.5,0.647910909598186
"result.2996",3,11,11,133.81760224,101.5580017,120.07740201,1631881.70562653,1477,20,0.647897442447077
"result.801",0,2,3,136.887259665,99.723297765,119.544077445,1631878.14476307,1494,21.5,0.64787522262815
"result.2390",5,5,9,136.689051964,99.190285496,120.358943986,1631853.7743337,1493,20.5,0.647723150936968
"result.3746",1,10,14,132.62280222,100.96060169,121.86960204,1631794.71832878,1471,20,0.647354640952777
"result.3140",3,4,12,135.479414336,98.585466682,122.173400428,1631784.74551033,1486,20.5,0.647292410478881
"result.3582",13,15,13,136.25326494,101.31653034,118.20261873,1631752.64245703,1491,19,0.647092087147169
"result.199",6,12,0,137.293870778,103.424017194,114.91557466,1631741.82374195,1496,20.5,0.647024578270967
"result.387",2,8,1,136.51107567,102.23026743,116.92204239,1631713.01903149,1492,21,0.646844836627226
"result.2952",7,8,11,136.20720228,99.76580167,120.07740201,1631710.28948098,1490,20,0.646827804208307
"result.3702",5,7,14,135.01240226,99.16840166,121.86960204,1631707.73103104,1484,20,0.646811839458475
"result.3529",8,12,13,135.084332993,100.870833807,119.747247151,1631684.28855489,1484,19.5,0.646665558203438
"result.2338",1,2,9,135.89891838,98.55732369,121.81930071,1631627.45368584,1489,21,0.646310908126371
"result.1588",3,3,6,137.12323296,99.16948098,119.98282884,1631579.28016685,1495,21,0.646010304948945
"result.882",1,7,3,135.89891838,101.61811014,118.14635697,1631576.52739433,1489,21,0.645993127624521
"result.2990",13,10,11,138.033772578,99.691057973,118.567471317,1631575.29444672,1500,19.5,0.645985434020694
"result.1751",6,13,6,135.60980227,102.75280172,117.09040196,1631571.28036792,1487,20,0.645960386134083
"result.3163",10,5,12,137.99940231,97.97360164,120.67480202,1631559.3409349,1500,20,0.645885883968198
"result.1233",0,13,4,133.664957894,104.028836008,117.334849916,1631542.2596436,1476,20.5,0.645779296562011
"result.2545",0,15,9,132.02540221,103.94760174,118.88260199,1631512.00961112,1467,20,0.645590536096299
"result.1256",7,14,4,136.20720228,103.35020173,115.89560194,1631467.23673729,1490,20,0.645311152974233
"result.738",1,14,2,134.269776708,104.633654822,116.125212288,1631459.07106159,1480,20.5,0.64526019908688
"result.3913",8,4,15,136.80460229,97.37620163,122.46700205,1631445.70311701,1493,20,0.645176782996478
"result.2929",0,7,11,133.664957894,100.399923124,121.568581614,1631444.46881049,1476,20.5,0.645169080913054
"result.2246",5,12,8,135.01240226,102.15540171,118.28520198,1631418.62618855,1484,20,0.645007822727418
"result.2179",2,8,8,134.874595522,101.004741938,119.754125172,1631407.29944406,1483,20.5,0.644937143743315
"result.1640",7,6,6,137.898689592,99.79510431,118.544487544,1631363.49269077,1499,20.5,0.644663789221836
"result.1707",10,10,6,137.99940231,100.96060169,117.09040196,1631362.34029001,1500,20,0.644656598231106
"result.4077",12,14,15,135.67098603,100.73425143,119.36717655,1631357.2083455,1487,19,0.644624574852757
"result.3573",4,15,13,132.724781325,102.640497558,119.747247151,1631309.27492847,1471,19.5,0.644325469913657
"result.3351",6,1,13,137.293870778,96.77101024,122.778219242,1631239.59480266,1496,20.5,0.643890665322706
"result.2284",11,14,8,136.853996744,102.050609641,116.797807566,1631202.12817806,1494,19.5,0.643656873259435
"result.1377",0,6,5,135.28676109,101.00595285,119.37067155,1631172.55802789,1485,21,0.643472355265255
"result.2202",9,9,8,137.4020023,100.36320168,118.28520198,1631165.33964513,1497,20,0.643427312494013
"result.3890",1,3,15,134.269776708,97.980647868,123.98785687,1631164.37108488,1479,20.5,0.643421268669662
"result.51",2,3,0,138.126058395,100.34269713,117.68587935,1631119.37295594,1500,21.5,0.64314047995377
"result.243",2,15,0,134.874595522,105.238473636,114.91557466,1631111.27198998,1483,20.5,0.64308992985575
"result.3491",2,10,13,133.22020223,100.96060169,121.27220203,1631110.11976739,1474,20,0.643082739976798
"result.761",8,15,2,136.80460229,103.94760174,114.70080192,1631103.93684672,1493,20,0.643044158498037
"result.2779",10,13,10,136.264108827,101.460721724,117.9775834,1631093.74985581,1490,19.5,0.642980591586196
"result.1789",12,15,6,137.443884661,102.640497558,115.618031732,1631059.26584419,1497,19.5,0.642765411053804
"result.3485",12,9,13,137.443884661,99.101170056,119.747247151,1631059.26584419,1497,19.5,0.642765411053804
"result.2741",4,11,10,134.41500225,101.5580017,119.480002,1631011.83264911,1480,20,0.64246942750407
"result.4024",7,11,15,134.494445076,100.28094589,120.927022985,1630970.59267144,1481,19.5,0.642212089684791
"result.2885",4,4,11,136.08423315,98.585466682,121.568581614,1630955.2933987,1489,20.5,0.642116622089879
"result.934",5,10,3,136.689051964,102.214379566,116.730031102,1630903.7430274,1493,20.5,0.641794947324705
"result.3447",6,7,13,135.60980227,99.16840166,121.27220203,1630893.71754385,1487,20,0.641732388220144
"result.2135",6,5,8,137.293870778,99.190285496,119.754125172,1630837.81165123,1496,20.5,0.641383534964097
"result.1429",4,9,5,136.08423315,101.609560752,117.93966873,1630805.95219429,1489,20.5,0.641184731675749
"result.546",1,2,2,137.50665903,99.723297765,118.92467808,1630768.6221926,1497,21.5,0.640951792140621
"result.2083",2,2,8,136.51107567,98.55732369,121.20714342,1630741.06093632,1492,21,0.640779809661746
"result.439",6,11,1,137.293870778,102.81919838,115.520393474,1630737.36586337,1496,20.5,0.640756752374445
"result.3274",9,12,12,135.67422091,100.870833807,119.157359234,1630736.59402113,1487,19.5,0.64075193607212
"result.2697",8,8,10,136.80460229,99.76580167,119.480002,1630713.34682353,1493,20,0.640606873356962
"result.2674",1,7,10,134.269776708,100.399923124,120.9637628,1630673.20445703,1479,20.5,0.640356384640966
"result.2290",1,15,8,132.62280222,103.94760174,118.28520198,1630658.76655828,1470,20,0.640266292027204
"result.3327",14,15,12,136.83554385,101.31653034,117.62033982,1630653.4027501,1493,19,0.640232821817521
"result.4068",3,14,15,132.134893408,102.050609641,120.927022985,1630633.96303415,1467,19.5,0.640111517820948
"result.3658",9,4,14,137.4020023,97.37620163,121.86960204,1630576.89616041,1496,20,0.639755420032568
"result.3635",2,3,14,134.874595522,97.980647868,123.383038056,1630519.21708182,1482,20.5,0.639395502080618
"result.1333",4,3,5,137.73539025,99.16948098,119.37067155,1630501.5697276,1498,21,0.639285382436831
"result.3318",5,15,12,133.314669242,102.640497558,119.157359234,1630487.81650869,1474,19.5,0.63919956223128
"result.978",1,13,3,134.269776708,104.028836008,116.730031102,1630476.73780589,1479,20.5,0.639130431029487
"result.132",3,8,0,137.12323296,102.23026743,116.3098851,1630448.80825441,1495,21,0.638956150385366
"result.1924",3,8,7,135.479414336,101.004741938,119.149306358,1630446.64831878,1486,20.5,0.63894267236827
"result.627",2,7,2,136.51107567,101.61811014,117.53419968,1630434.126801,1491,21,0.638864537988437
"result.1473",0,12,5,133.664957894,103.424017194,117.93966873,1630417.66506281,1476,20.5,0.638761816599008
"result.2833",0,1,11,135.28676109,97.9451664,123.04361529,1630412.10462089,1485,21,0.638727119393041
"result.1496",7,13,5,136.20720228,102.75280172,116.49300195,1630397.80466506,1490,20,0.638637887544303
"result.3822",13,14,14,136.25326494,100.73425143,118.78489764,1630366.74756791,1490,19,0.638444090988022
"result.1991",6,12,7,135.60980227,102.15540171,117.68780197,1630361.3467535,1486,20,0.638410389859192
"result.3096",7,1,12,137.898689592,96.77101024,122.173400428,1630354.60988762,1499,20.5,0.638368351757487
"result.3236",3,10,12,133.81760224,100.96060169,120.67480202,1630353.45819954,1477,20,0.638361165213875
"result.3980",11,8,15,136.853996744,98.511282139,120.927022985,1630297.33339686,1493,19.5,0.638010945957106
"result.2785",0,14,10,132.02540221,103.35020173,119.480002,1630286.93850127,1467,20,0.637946081718232
"result.483",2,14,1,134.874595522,104.633654822,115.520393474,1630272.52753675,1482,20.5,0.637856157174313
"result.1001",8,14,3,136.80460229,103.35020173,115.29820193,1630176.28554164,1493,20,0.637255606287983
"result.1122",1,6,4,135.89891838,101.00595285,118.75851426,1630150.59123205,1488,21,0.637095273572733
"result.1041",0,1,4,136.887259665,99.1038984,120.16347681,1630145.06528001,1493,21.5,0.637060791583913
"result.3769",8,11,14,135.084332993,100.28094589,120.337135068,1630133.12381769,1483,19.5,0.636986276755231
"result.3986",1,9,15,132.62280222,100.36320168,122.46700205,1630090.79067303,1470,20,0.636722117564418
"result.2486",5,11,9,135.01240226,101.5580017,118.88260199,1630069.47025692,1483,20,0.636589077982482
"result.2630",5,4,10,136.689051964,98.585466682,120.9637628,1630053.7150165,1492,20.5,0.636490765145312
"result.3192",7,7,12,136.20720228,99.16840166,120.67480202,1630008.92027515,1490,20,0.636211245569783
"result.3230",13,9,12,138.033772578,99.101170056,119.157359234,1629990.26148382,1499,19.5,0.636094814549602
"result.1947",10,9,7,137.99940231,100.36320168,117.68780197,1629983.33577582,1499,20,0.636051598071458
"result.2524",11,13,9,136.853996744,101.460721724,117.387695483,1629963.98795115,1493,19.5,0.635930867477301
"result.2029",12,14,7,137.443884661,102.050609641,116.207919649,1629959.26692575,1496,19.5,0.635901408237747
"result.3813",4,14,14,132.724781325,102.050609641,120.337135068,1629923.75660426,1470,19.5,0.635679823522842
"result.3942",5,6,15,135.01240226,98.57100165,122.46700205,1629828.54955484,1483,20,0.635085730706599
"result.2419",2,7,9,134.874595522,100.399923124,120.358943986,1629828.48635563,1482,20.5,0.635085336342964
"result.3846",5,0,15,136.689051964,96.166191426,123.98785687,1629803.706778,1492,20.5,0.634930711563139
"result.3380",3,3,13,135.479414336,97.980647868,122.778219242,1629802.37930063,1485,20.5,0.63492242809279
"result.1828",3,2,7,137.12323296,98.55732369,120.59498613,1629780.80212433,1494,21,0.634787786325068
"result.1880",7,5,7,137.898689592,99.190285496,119.149306358,1629749.28020573,1499,20.5,0.634591089278877
"result.2035",2,15,7,133.22020223,103.94760174,117.68780197,1629731.32845736,1473,20,0.63447907021297
"result.3019",10,12,11,136.264108827,100.870833807,118.567471317,1629718.69989227,1490,19.5,0.634400267857002
"result.1534",13,15,5,138.033772578,102.640497558,115.028143815,1629702.07367238,1499,19.5,0.634296520100312
"result.506",9,15,1,137.4020023,103.94760174,114.10340191,1629694.23093333,1496,20,0.6342475813404
"result.3169",0,6,12,133.664957894,99.79510431,122.173400428,1629684.23381447,1475,20.5,0.634185199231833
"result.1174",5,9,4,136.689051964,101.609560752,117.334849916,1629653.7018349,1492,20.5,0.633994679413833
"result.2442",9,8,9,137.4020023,99.76580167,118.88260199,1629645.19397627,1496,20,0.633941590301947
"result.2578",1,1,10,135.89891838,97.9451664,122.431458,1629641.32831696,1488,21,0.633917468554237
"result.3403",10,4,13,137.99940231,97.37620163,121.27220203,1629638.58464727,1499,20,0.633900348031547
"result.679",6,10,2,137.293870778,102.214379566,116.125212288,1629632.46219694,1495,20.5,0.633862143888268
"result.1617",0,5,6,135.28676109,100.39379556,119.98282884,1629600.95432008,1484,21,0.633665534462681
"result.3063",6,15,11,133.904557159,102.640497558,118.567471317,1629594.92692198,1477,19.5,0.633627923446089
"result.291",2,2,1,138.126058395,99.723297765,118.305278715,1629582.58082417,1500,21.5,0.633550883688436
"result.2981",4,10,11,134.41500225,100.96060169,120.07740201,1629524.73362523,1479,20,0.633189916664006
"result.3072",15,15,11,137.41782276,101.31653034,117.03806091,1629485.46056149,1496,19,0.632944852404771
"result.2530",1,14,9,132.62280222,103.35020173,118.88260199,1629475.48346401,1470,20,0.632882595229733
"result.3731",2,9,14,133.22020223,100.36320168,121.86960204,1629446.06128977,1473,20,0.63269900060666
"result.1669",4,8,6,136.08423315,101.004741938,118.544487544,1629412.1009531,1489,20.5,0.632487087810528
"result.1218",1,12,4,134.269776708,103.424017194,117.334849916,1629396.17122463,1479,20.5,0.632387686166354
"result.184",7,11,0,137.898689592,102.81919838,114.91557466,1629345.72708447,1498,20.5,0.632072914293137
"result.3725",12,8,14,137.443884661,98.511282139,120.337135068,1629337.52840663,1496,19.5,0.63202175447215
"result.723",2,13,2,134.874595522,104.028836008,116.125212288,1629335.10726549,1482,20.5,0.632006646530354
"result.3567",14,14,13,136.83554385,100.73425143,118.20261873,1629307.97915047,1493,19,0.631837366856755
"result.1736",7,12,6,136.20720228,102.15540171,117.09040196,1629231.15149535,1489,20,0.631357961620742
"result.3514",9,11,13,135.67422091,100.28094589,119.747247151,1629225.8658928,1486,19.5,0.631324979414876
"result.372",3,7,1,137.12323296,101.61811014,116.92204239,1629215.56616812,1494,21,0.631260709043279
"result.1713",0,11,6,133.664957894,102.81919838,118.544487544,1629195.27964891,1475,20.5,0.63113412098705
"result.1241",8,13,4,136.80460229,102.75280172,115.89560194,1629150.98673076,1492,20,0.63085773279266
"result.3558",5,14,13,133.314669242,102.050609641,119.747247151,1629142.52953137,1473,19.5,0.630804959794924
"result.786",1,1,3,137.50665903,99.1038984,119.544077445,1629080.45591704,1496,21.5,0.630417619901727
"result.2375",6,4,9,137.293870778,98.585466682,120.358943986,1629080.01036373,1495,20.5,0.63041483964518
"result.2231",6,11,8,135.60980227,101.5580017,118.28520198,1629054.61844993,1486,20,0.630256393882308
"result.3687",6,6,14,135.60980227,98.57100165,121.86960204,1629054.61844993,1486,20,0.630256393882308
"result.2937",8,7,11,136.80460229,99.16840166,120.07740201,1629053.33922497,1492,20,0.630248411507392
"result.867",2,6,3,136.51107567,101.00595285,118.14635697,1629052.92319208,1491,21,0.630245815458544
"result.3591",6,0,14,137.293870778,96.166191426,123.383038056,1629029.7874698,1495,20.5,0.630101448350354
"result.3125",4,3,12,136.08423315,97.980647868,122.173400428,1629013.85774133,1488,20.5,0.63000204670618
"result.228",3,14,0,135.479414336,104.633654822,114.91557466,1629009.43281675,1485,20.5,0.629974435138353
"result.3025",0,13,11,132.02540221,102.75280172,120.07740201,1628967.63115219,1466,20,0.629713592388008
"result.2914",1,6,11,134.269776708,99.79510431,121.568581614,1628954.12125956,1478,20.5,0.629629290540528
"result.2164",3,7,8,135.479414336,100.399923124,119.754125172,1628910.31450627,1485,20.5,0.62935593601905
"result.4062",13,13,15,136.25326494,100.15197252,119.36717655,1628888.45968617,1489,19,0.6292195617516
"result.746",9,14,2,137.4020023,103.35020173,114.70080192,1628811.56570624,1496,20,0.628739742648232
"result.2323",2,1,9,136.51107567,97.9451664,121.81930071,1628797.14474598,1491,21,0.628649755730785
"result.2269",12,13,8,137.443884661,101.460721724,116.797807566,1628763.61592745,1496,19.5,0.6284405356116
"result.1573",4,2,6,137.73539025,98.55732369,119.98282884,1628746.67724989,1497,21,0.62833483811634
"result.1780",3,15,6,133.81760224,103.94760174,117.09040196,1628729.69530837,1476,20,0.628228870653597
"result.3476",3,9,13,133.81760224,100.36320168,121.27220203,1628729.69530837,1476,20,0.628228870653597
"result.1774",13,14,6,138.033772578,102.050609641,115.618031732,1628645.38503045,1499,19.5,0.62770277378625
"result.2764",11,12,10,136.853996744,100.870833807,117.9775834,1628630.60616832,1492,19.5,0.627610553558081
"result.2808",7,15,10,134.494445076,102.640497558,117.9775834,1628630.60616832,1480,19.5,0.627610553558081
"result.2726",5,10,10,135.01240226,100.96060169,119.480002,1628623.94604445,1482,20,0.627568994327192
"result.1362",1,5,5,135.89891838,100.39379556,119.37067155,1628622.80248676,1487,21,0.627561858517246
"result.2275",2,14,8,133.22020223,103.35020173,118.28520198,1628590.25978699,1472,20,0.627358791787733
"result.3898",9,3,15,137.4020023,96.77880162,122.46700205,1628517.34396388,1495,20,0.62690379641751
"result.2187",10,8,8,137.99940231,99.76580167,118.28520198,1628505.83093918,1499,20,0.626831955043265
"result.4009",8,10,15,135.084332993,99.691057973,120.927022985,1628487.94909642,1483,19.5,0.626720372188953
"result.4053",4,13,15,132.724781325,101.460721724,120.927022985,1628445.87039176,1470,19.5,0.626457800705974
"result.919",6,9,3,137.293870778,101.609560752,116.730031102,1628427.11274266,1495,20.5,0.62634075281244
"result.3875",2,2,15,134.874595522,97.375829054,123.98785687,1628397.68699423,1481,20.5,0.626157135886396
"result.3470",13,8,13,138.033772578,98.511282139,119.747247151,1628309.16591711,1499,19.5,0.625604763595412
"result.1281",0,0,5,136.887259665,98.484499035,120.782876175,1628306.95067676,1492,21.5,0.625590940476389
"result.1414",5,8,5,136.689051964,101.004741938,117.93966873,1628303.65734701,1491,20.5,0.625570390070091
"result.963",2,12,3,134.874595522,103.424017194,116.730031102,1628299.0111762,1481,20.5,0.625541397923874
"result.3303",6,14,12,133.904557159,102.050609641,119.157359234,1628290.2818155,1476,19.5,0.625486926637198
"result.424",7,10,1,137.898689592,102.214379566,115.520393474,1628286.40014116,1498,20.5,0.62546270495557
"result.3073",0,0,12,135.28676109,97.33300911,123.65577258,1628282.83508127,1484,21,0.625440458950845
"result.3259",10,11,12,136.264108827,100.28094589,119.157359234,1628248.81889676,1489,19.5,0.625228197663724
"result.1458",1,11,5,134.269776708,102.81919838,117.93966873,1628217.37131779,1478,20.5,0.625031964497483
"result.251",10,15,0,137.99940231,103.94760174,113.5060019,1628210.32997186,1498,20,0.624988026437626
"result.3432",7,6,13,136.20720228,98.57100165,121.27220203,1628210.32997186,1489,20,0.624988026437626
"result.2770",1,13,10,132.62280222,102.75280172,119.480002,1628197.53772219,1469,20,0.624908202688463
"result.3336",7,0,13,137.898689592,96.166191426,122.778219242,1628185.51186085,1498,20.5,0.624833161209135
"result.3312",15,14,12,137.41782276,100.73425143,117.62033982,1628180.9030932,1495,19,0.624804402458954
"result.2870",5,3,11,136.689051964,97.980647868,121.568581614,1628153.65240391,1491,20.5,0.624634357920787
"result.2659",2,6,10,134.874595522,99.79510431,120.9637628,1628150.99744916,1481,20.5,0.624617790980091
"result.468",3,13,1,135.479414336,104.028836008,115.520393474,1628117.36802239,1485,20.5,0.624407943064613
"result.2120",7,4,8,137.898689592,98.585466682,119.754125172,1628034.17944038,1498,20.5,0.623888845589482
"result.1481",8,12,5,136.80460229,102.15540171,116.49300195,1628028.04041409,1492,20,0.62385053801207
"result.2682",9,7,10,137.4020023,99.16840166,119.480002,1628026.97439328,1495,20,0.623843886032973
"result.1976",7,11,7,136.20720228,101.5580017,117.68780197,1627967.27722817,1489,20,0.62347137520355
"result.3221",4,9,12,134.41500225,100.36320168,120.67480202,1627941.69272883,1479,20,0.623311727705227
"result.531",2,1,2,138.126058395,99.1038984,118.92467808,1627939.80302815,1499,21.5,0.623299935956527
"result.1857",0,4,7,135.28676109,99.78163827,120.59498613,1627927.95682467,1484,21,0.623226015543812
"result.117",4,7,0,137.73539025,101.61811014,116.3098851,1627920.84549567,1497,21,0.623181640789049
"result.1909",4,7,7,136.08423315,100.399923124,119.149306358,1627918.68890896,1488,20.5,0.623168183669221
"result.612",3,6,2,137.12323296,101.00595285,117.53419968,1627879.55390796,1494,21,0.622923980922685
"result.2068",3,1,8,137.12323296,97.9451664,121.20714342,1627879.55390796,1494,21,0.622923980922685
"result.161",0,10,0,135.28676109,103.45458201,116.3098851,1627877.25993087,1484,21,0.622909666485665
"result.1953",0,10,7,133.664957894,102.214379566,119.149306358,1627875.1034019,1475,20.5,0.622896209726134
"result.3807",14,13,14,136.83554385,100.15197252,118.78489764,1627869.76771639,1492,19,0.622862915002143
"result.986",9,13,3,137.4020023,102.75280172,115.29820193,1627830.82656504,1495,20,0.622619921879158
"result.3409",0,5,13,133.664957894,99.190285496,122.778219242,1627826.20798534,1475,20.5,0.622591101901655
"result.3620",3,2,14,135.479414336,97.375829054,123.383038056,1627720.89478045,1485,20.5,0.621933946587395
"result.3798",5,13,14,133.314669242,101.460721724,120.337135068,1627704.46414183,1473,19.5,0.62183141925951
"result.3971",2,8,15,133.22020223,99.76580167,122.46700205,1627686.91375628,1472,20,0.621721904701087
"result.1525",4,15,5,134.41500225,103.94760174,116.49300195,1627653.86711131,1479,20,0.621515693349085
"result.2471",6,10,9,135.60980227,100.96060169,118.88260199,1627651.09545721,1485,20,0.621498398203434
"result.1318",5,2,5,138.34754754,98.55732369,119.37067155,1627638.68631298,1500,21,0.621420965035559
"result.2020",3,14,7,133.81760224,103.35020173,117.68780197,1627631.26747023,1475,20,0.621374671392233
"result.3754",9,10,14,135.67422091,99.691057973,120.337135068,1627620.71725645,1486,19.5,0.621308837966554
"result.3643",10,3,14,137.99940231,96.77880162,121.86960204,1627619.3280372,1498,20,0.621300169226348
"result.2553",8,15,9,135.084332993,102.640497558,117.387695483,1627594.85424773,1482,19.5,0.621147452567259
"result.1107",2,5,4,136.51107567,100.39379556,118.75851426,1627569.40820471,1490,21,0.620988669037546
"result.3265",0,12,12,132.02540221,102.15540171,120.67480202,1627554.0875639,1465,20,0.620893068105624
"result.2818",1,0,11,135.89891838,97.33300911,123.04361529,1627553.35036505,1487,21,0.620888467978404
"result.3965",12,7,15,137.443884661,97.921394222,120.927022985,1627520.13888921,1495,19.5,0.620681228080407
"result.2014",13,13,7,138.033772578,101.460721724,116.207919649,1627492.6337847,1498,19.5,0.620509595989092
"result.2509",12,12,9,137.443884661,100.870833807,117.387695483,1627472.31284928,1495,19.5,0.62038279317536
"result.491",10,14,1,137.99940231,103.35020173,114.10340191,1627373.0772311,1498,20,0.619763562054983
"result.3048",7,14,11,134.494445076,102.050609641,118.567471317,1627367.01345664,1479,19.5,0.619725724049659
"result.2515",2,13,9,133.22020223,102.75280172,118.88260199,1627354.10206076,1472,20,0.619645156827059
"result.3177",8,6,12,136.80460229,98.57100165,120.67480202,1627295.68412061,1492,20,0.619280628372554
"result.1026",1,0,4,137.50665903,98.484499035,120.16347681,1627286.77924926,1495,21.5,0.619225061897901
"result.2404",3,6,9,135.479414336,99.79510431,120.358943986,1627274.86238327,1484,20.5,0.619150700550524
"result.2615",6,3,10,137.293870778,97.980647868,120.9637628,1627221.76328837,1494,20.5,0.618819361736612
"result.3004",11,11,11,136.853996744,100.28094589,118.567471317,1627201.98282958,1492,19.5,0.618695931501775
"result.1203",2,11,4,134.874595522,102.81919838,117.334849916,1627164.23926889,1481,20.5,0.618460411354871
"result.3154",1,5,12,134.269776708,99.190285496,122.173400428,1627136.80473652,1478,20.5,0.61828921963435
"result.664",7,9,2,137.898689592,101.609560752,116.125212288,1627126.18491754,1497,20.5,0.618222951871567
"result.708",3,12,2,135.479414336,103.424017194,116.125212288,1627126.18491754,1484,20.5,0.618222951871567
"result.1159",6,8,4,137.293870778,101.004741938,117.334849916,1627121.31750051,1494,20.5,0.618192579146959
"result.3927",6,5,15,135.60980227,97.97360164,122.46700205,1627118.72466687,1485,20,0.618176399842481
"result.2966",5,9,11,135.01240226,100.36320168,120.07740201,1627082.05355115,1482,20,0.617947571761551
"result.3716",3,8,14,133.81760224,99.76580167,121.86960204,1627010.41695301,1475,20,0.617500558766245
"result.1602",1,4,6,135.89891838,99.78163827,119.98282884,1626993.16115844,1486,21,0.61739288245806
"result.3365",4,2,13,136.08423315,97.375829054,122.778219242,1626972.86128101,1487,20.5,0.617266211046393
"result.1698",1,10,6,134.269776708,102.214379566,118.544487544,1626940.33808538,1478,20.5,0.617063266022871
"result.2427",10,7,9,137.99940231,99.16840166,118.88260199,1626929.82578011,1498,20,0.616997669146524
"result.3543",6,13,13,133.904557159,101.460721724,119.747247151,1626892.44777285,1475,19.5,0.616764430056241
"result.1813",4,1,7,137.73539025,97.9451664,120.59498613,1626888.55580291,1496,21,0.616740144129936
"result.1654",5,7,6,136.689051964,100.399923124,118.544487544,1626853.60956371,1491,20.5,0.61652207929348
"result.3010",1,12,11,132.62280222,102.15540171,120.07740201,1626824.92933283,1468,20,0.616343114403397
"result.213",4,13,0,136.08423315,104.028836008,114.91557466,1626823.5200766,1487,20.5,0.616334320632263
"result.1721",8,11,6,136.80460229,101.5580017,117.09040196,1626807.44659162,1491,20,0.61623402194621
"result.3552",15,13,13,137.41782276,100.15197252,118.20261873,1626783.16294862,1495,19,0.61608249180272
"result.401",0,9,1,135.28676109,102.84242472,116.92204239,1626761.92826726,1483,21,0.615949987206419
"result.1226",9,12,4,137.4020023,102.15540171,115.89560194,1626752.01350972,1495,20,0.615888119033175
"result.2563",2,0,10,136.51107567,97.33300911,122.431458,1626750.9171772,1490,21,0.615881277908721
"result.4091",10,15,15,134.50642821,101.31653034,119.36717655,1626703.01005332,1479,19,0.615582337039099
"result.3499",10,10,13,136.264108827,99.691057973,119.747247151,1626684.10686929,1488,19.5,0.615464381006363
"result.357",4,6,1,137.73539025,101.00595285,116.92204239,1626630.48337971,1496,21,0.615129769965158
"result.2216",7,10,8,136.20720228,100.96060169,118.28520198,1626606.18186351,1488,20,0.61497812829273
"result.1765",4,14,6,134.41500225,103.35020173,117.09040196,1626598.50651371,1478,20,0.614930234043232
"result.3710",13,7,14,138.033772578,97.921394222,120.337135068,1626532.00774658,1498,19.5,0.614515281158127
"result.1270",5,15,4,135.01240226,103.94760174,115.89560194,1626503.84386617,1481,20,0.614339538299435
"result.2298",9,15,8,135.67422091,102.640497558,116.797807566,1626487.67116021,1485,19.5,0.614238620473621
"result.65",0,4,0,136.887259665,100.962096495,117.68587935,1626468.83607351,1492,21.5,0.614121089368864
"result.2193",0,9,8,133.664957894,101.609560752,119.754125172,1626457.13632177,1474,20.5,0.614048082816262
"result.852",3,5,3,137.12323296,100.39379556,118.14635697,1626440.77147395,1493,21,0.613945966023583
"result.731",10,13,2,137.99940231,102.75280172,114.70080192,1626437.32416789,1498,20,0.613924454803794
"result.2260",3,13,8,133.81760224,102.75280172,118.28520198,1626437.32416789,1475,20,0.613924454803794
"result.2899",2,5,11,134.874595522,99.190285496,121.568581614,1626374.83272467,1481,20.5,0.613534507654696
"result.2793",8,14,10,135.084332993,102.050609641,117.9775834,1626372.72445479,1482,19.5,0.613521352032309
"result.4047",14,12,15,136.83554385,99.56969361,119.36717655,1626338.76844784,1491,19,0.613309466253683
"result.2149",4,6,8,136.08423315,99.79510431,119.754125172,1626325.71606189,1487,20.5,0.613228019251827
"result.3672",7,5,14,136.20720228,97.97360164,121.86960204,1626314.51857108,1488,20,0.61315814681184
"result.2922",9,6,11,137.4020023,98.57100165,120.07740201,1626310.68089618,1494,20,0.613134199687091
"result.3461",4,8,13,134.41500225,99.76580167,121.27220203,1626262.70995993,1478,20,0.612834860627734
"result.2254",13,12,8,138.033772578,100.870833807,116.797807566,1626243.81993515,1498,19.5,0.612716986708838
"result.2360",7,3,9,137.898689592,97.980647868,120.358943986,1626218.19039471,1497,20.5,0.612557058153652
"result.771",2,0,3,138.126058395,98.484499035,119.544077445,1626191.03956786,1498,21.5,0.612387636758044
"result.4038",5,12,15,133.314669242,100.870833807,120.927022985,1626173.62034005,1472,19.5,0.612278940625036
"result.3110",5,2,12,136.689051964,97.375829054,122.173400428,1626153.58649591,1490,20.5,0.612153929263391
"result.2097",0,3,8,135.28676109,99.16948098,121.20714342,1626153.56554166,1483,21,0.612153798508649
"result.2711",6,9,10,135.60980227,100.36320168,119.480002,1626150.77777533,1484,20,0.612136402822568
"result.2749",12,11,10,137.443884661,100.28094589,117.9775834,1626085.35769125,1494,19.5,0.611728180929028
"result.3505",0,11,13,132.02540221,101.5580017,121.27220203,1626046.30773638,1465,20,0.611484508871079
"result.948",3,11,3,135.479414336,102.81919838,116.730031102,1626035.88350221,1484,20.5,0.611419461559217
"result.2755",2,12,10,133.22020223,102.15540171,119.480002,1626022.85527866,1471,20,0.611338165330949
"result.3288",7,13,12,134.494445076,101.460721724,119.157359234,1626009.82128483,1478,19.5,0.611256833096167
"result.1347",2,4,5,136.51107567,99.78163827,119.37067155,1625983.58183891,1489,21,0.611093098725448
"result.1443",2,10,5,134.874595522,102.214379566,117.93966873,1625930.79154355,1480,20.5,0.610763686823347
"result.3994",9,9,15,135.67422091,99.101170056,120.927022985,1625921.14811209,1485,19.5,0.610703511727155
"result.453",4,12,1,136.08423315,103.424017194,115.520393474,1625877.69244865,1487,20.5,0.610432348009435
"result.2308",3,0,9,137.12323296,97.33300911,121.81930071,1625875.53551774,1493,21,0.610418888741794
"result.3649",0,4,14,133.664957894,98.585466682,123.383038056,1625870.3913231,1474,20.5,0.610386788922521
"result.904",7,8,3,137.898689592,101.004741938,116.730031102,1625865.08141361,1497,20.5,0.61035365504113
"result.1558",5,1,6,138.34754754,97.9451664,119.98282884,1625824.15043081,1499,21,0.61009824535254
"result.3836",11,15,14,135.08870712,101.31653034,118.78489764,1625775.5265506,1481,19,0.609794831917209
"result.409",8,9,1,138.503508406,101.609560752,115.520393474,1625750.91835957,1500,20.5,0.609641276591217
"result.1399",6,7,5,137.293870778,100.399923124,117.93966873,1625715.07647051,1493,20.5,0.609417622891825
"result.3244",11,10,12,136.853996744,99.691057973,119.157359234,1625678.11793492,1491,19.5,0.609187001308381
"result.1466",9,11,5,137.4020023,101.5580017,116.49300195,1625575.12654028,1494,20,0.608544334110285
"result.146",1,9,0,135.89891838,102.84242472,116.3098851,1625567.22499616,1486,21,0.608495028406272
"result.1938",1,9,7,134.269776708,101.609560752,119.149306358,1625565.07152741,1477,20.5,0.608481590742521
"result.641",0,8,2,135.28676109,102.23026743,117.53419968,1625545.20281605,1482,21,0.608357609810878
"result.2644",3,5,10,135.479414336,99.190285496,120.9637628,1625540.29194979,1484,20.5,0.608326965962694
"result.3860",3,1,15,135.479414336,96.77101024,123.98785687,1625540.29194979,1484,20.5,0.608326965962694
"result.3883",10,2,15,137.99940231,96.18140161,122.46700205,1625501.57110469,1497,20,0.608085347552604
"result.1510",5,14,5,135.01240226,103.35020173,116.49300195,1625491.97691744,1481,20,0.608025479740733
"result.1961",8,10,7,136.80460229,100.96060169,117.68780197,1625489.20526335,1491,20,0.60800818459508
"result.2005",4,13,7,134.41500225,102.75280172,117.68780197,1625447.2040436,1478,20,0.607746096618666
"result.3206",5,8,12,135.01240226,99.76580167,120.67480202,1625443.79277703,1481,20,0.607724810285557
"result.3417",8,5,13,136.80460229,97.97360164,121.27220203,1625440.38151045,1491,20,0.607703523952447
"result.971",10,12,3,137.99940231,102.15540171,115.29820193,1625403.07078225,1497,20,0.607470704684058
"result.3783",6,12,14,133.904557159,100.870833807,120.337135068,1625401.42479403,1475,19.5,0.607460433703223
"result.3250",1,11,12,132.62280222,101.5580017,120.67480202,1625357.65829593,1468,20,0.607187330374533
"result.2043",10,15,7,136.264108827,102.640497558,116.207919649,1625309.05690574,1488,19.5,0.606884057277168
"result.2538",9,14,9,135.67422091,102.050609641,117.387695483,1625307.41480995,1484,19.5,0.606873810585149
"result.102",5,6,0,138.34754754,101.00595285,116.3098851,1625305.71160733,1499,21,0.606863182585964
"result.1894",5,6,7,136.689051964,99.79510431,119.149306358,1625303.55848501,1490,20.5,0.606849747083999
"result.3792",15,12,14,137.41782276,99.56969361,118.78489764,1625292.24012772,1494,19,0.606779120436072
"result.1015",6,15,3,135.60980227,103.94760174,115.29820193,1625279.62557296,1484,20,0.606700405504646
"result.2855",6,2,11,137.293870778,97.375829054,121.568581614,1625263.07042515,1493,20.5,0.60659710123839
"result.1842",1,3,7,135.89891838,99.16948098,120.59498613,1625261.6672471,1486,21,0.606588345395174
"result.2667",10,6,10,137.99940231,98.57100165,119.480002,1625255.32029859,1497,20,0.606548740381238
"result.597",4,5,2,137.73539025,100.39379556,117.53419968,1625236.89229448,1496,21,0.606433749475356
"result.3394",1,4,13,134.269776708,98.585466682,122.778219242,1625221.25488791,1477,20.5,0.606336171922433
"result.3956",3,7,15,133.81760224,99.16840166,122.46700205,1625195.62313347,1474,20,0.606176229551816
"result.2456",7,9,9,136.20720228,100.36320168,118.88260199,1625147.86540138,1487,20,0.605878220888279
"result.2500",3,12,9,133.81760224,102.15540171,118.88260199,1625147.86540138,1474,20,0.605878220888279
"result.2105",8,3,8,138.503508406,97.980647868,119.754125172,1625142.93372293,1500,20.5,0.605847447171912
"result.3033",8,13,11,135.084332993,101.460721724,118.567471317,1625056.58467778,1481,19.5,0.605308628379286
"result.3739",10,9,14,136.264108827,99.101170056,120.337135068,1625024.56380984,1488,19.5,0.605108817884921
"result.305",0,3,1,136.887259665,100.34269713,118.305278715,1624998.34439092,1491,21.5,0.604945208482845
"result.497",0,15,1,133.664957894,105.238473636,115.520393474,1624990.27382509,1473,20.5,0.60489484808191
"result.476",11,13,1,138.59680232,102.75280172,114.10340191,1624970.47953932,1500,20,0.604771331566567
"result.1999",14,12,7,138.623660495,100.870833807,116.207919649,1624945.12742592,1500,19.5,0.604613134158514
"result.2433",0,8,9,133.664957894,101.004741938,120.358943986,1624941.37840853,1473,20.5,0.604589740257433
"result.2053",4,0,8,137.73539025,97.33300911,121.20714342,1624927.20538665,1496,21,0.604501300477622
"result.1092",3,4,4,137.12323296,99.78163827,118.75851426,1624899.21886609,1492,21,0.604326664345976
"result.2494",13,11,9,138.033772578,100.28094589,117.387695483,1624898.94348178,1497,19.5,0.604324945945487
"result.1188",3,10,4,135.479414336,102.214379566,117.334849916,1624846.46377639,1483,20.5,0.603997472127563
"result.693",4,11,2,136.08423315,102.81919838,116.125212288,1624832.30401775,1486,20.5,0.603909115110519
"result.3605",4,1,14,136.08423315,96.77101024,123.383038056,1624832.30401775,1486,20.5,0.603909115110519
"result.3581",12,15,13,135.67098603,101.31653034,118.20261873,1624779.34056619,1484,19,0.603578622712216
"result.3950",13,6,15,138.033772578,97.331506305,120.927022985,1624658.78697225,1497,19.5,0.602826367237746
"result.2389",4,5,9,136.08423315,99.190285496,120.358943986,1624633.18241187,1486,20.5,0.602666594558345
"result.2989",12,10,11,137.443884661,99.691057973,118.567471317,1624602.75045336,1494,19.5,0.602476698872606
"result.1683",2,9,6,134.874595522,101.609560752,118.544487544,1624598.66800018,1480,20.5,0.602451224329301
"result.2995",2,11,11,133.22020223,101.5580017,120.07740201,1624596.51944069,1471,20,0.602437817299402
"result.3628",11,2,14,138.59680232,96.18140161,121.86960204,1624574.77261626,1500,20,0.602302116925828
"result.3528",7,12,13,134.494445076,100.870833807,119.747247151,1624559.0296529,1478,19.5,0.602203880697606
"result.2951",6,8,11,135.60980227,99.76580167,120.07740201,1624553.66540431,1484,20,0.602170407739711
"result.198",5,12,0,136.689051964,103.424017194,114.91557466,1624553.53376952,1490,20.5,0.602169586337476
"result.649",8,8,2,138.503508406,101.004741938,116.125212288,1624534.9490863,1500,20.5,0.602053617752606
"result.1144",7,7,4,137.898689592,100.399923124,117.334849916,1624503.08962936,1496,20.5,0.601854814464258
"result.3139",2,4,12,134.874595522,98.585466682,122.173400428,1624499.99218216,1480,20.5,0.601835486366779
"result.3162",9,5,12,137.4020023,97.97360164,120.67480202,1624496.31348496,1494,20,0.601812531264302
"result.3701",4,7,14,134.41500225,99.16840166,121.86960204,1624487.78531852,1477,20,0.601759315431528
"result.3745",0,10,14,132.02540221,100.96060169,121.86960204,1624444.29166965,1464,20,0.601487914684376
"result.386",1,8,1,135.89891838,102.23026743,116.92204239,1624395.92029143,1485,21,0.601186076863732
"result.1750",5,13,6,135.01240226,102.75280172,117.09040196,1624383.74168788,1480,20,0.601110082271677
"result.4076",11,14,15,135.08870712,100.73425143,119.36717655,1624355.67526248,1481,19,0.600934947533081
"result.3912",7,4,15,136.20720228,97.37620163,122.46700205,1624321.48607283,1487,20,0.600721606692424
"result.1255",6,14,4,135.60980227,103.35020173,115.89560194,1624311.67868142,1484,20,0.600660408484733
"result.2600",7,2,10,137.898689592,97.375829054,120.9637628,1624301.31306873,1496,20.5,0.600595726971388
"result.1706",9,10,6,137.4020023,100.96060169,117.09040196,1624300.16565672,1493,20,0.600588567110487
"result.1587",2,3,6,136.51107567,99.16948098,119.98282884,1624295.44409467,1489,21,0.600559104522244
"result.2337",0,2,9,135.28676109,98.55732369,121.81930071,1624277.78047104,1482,21,0.600448883357189
"result.1211",10,11,4,137.99940231,101.5580017,115.89560194,1624270.31707416,1497,20,0.600402311695776
"result.881",0,7,3,135.28676109,101.61811014,118.14635697,1624227.08357724,1482,21,0.600132534299041
"result.1639",6,6,6,137.293870778,99.79510431,118.544487544,1624208.38965265,1493,20.5,0.60001588404704
"result.2245",4,12,8,134.41500225,102.15540171,118.28520198,1624199.95970099,1477,20,0.599963281075386
"result.2283",10,14,8,136.264108827,102.050609641,116.797807566,1624171.08452212,1487,19.5,0.599783099708178
"result.2412",11,6,9,138.59680232,98.57100165,118.88260199,1624129.60232782,1500,20,0.599524250454995
"result.737",0,14,2,133.664957894,104.633654822,116.125212288,1624110.15632708,1473,20.5,0.599402907241301
"result.2178",1,8,8,134.269776708,101.004741938,119.754125172,1624091.57164386,1476,20.5,0.599286938656431
"result.2201",8,9,8,136.80460229,100.36320168,118.28520198,1624073.31642928,1490,20,0.599173025958683
"result.1788",11,15,6,136.853996744,102.640497558,115.618031732,1624059.01148434,1490,19.5,0.599083762977899
"result.3484",11,9,13,136.853996744,99.101170056,119.747247151,1624059.01148434,1490,19.5,0.599083762977899
"result.3572",3,15,13,132.134893408,102.640497558,119.747247151,1624059.01148434,1464,19.5,0.599083762977899
"result.3350",5,1,13,136.689051964,96.77101024,122.778219242,1624053.51729252,1489,20.5,0.599049479173126
"result.2778",9,13,10,135.67422091,101.460721724,117.9775834,1624032.73795168,1484,19.5,0.598919815905599
"result.716",11,12,2,138.59680232,102.15540171,114.70080192,1623981.21223167,1500,20,0.598598294964718
"result.760",7,15,2,136.20720228,103.94760174,114.70080192,1623981.21223167,1487,20,0.598598294964718
"result.342",5,5,1,138.34754754,100.39379556,116.92204239,1623957.77066628,1498,21,0.598452019392864
"result.1798",5,0,7,138.34754754,97.33300911,120.59498613,1623905.92678393,1498,21,0.598128513116206
"result.4023",6,11,15,133.904557159,100.28094589,120.927022985,1623817.21287902,1474,19.5,0.597574937578139
"result.3889",0,3,15,133.664957894,97.980647868,123.98785687,1623816.78382774,1473,20.5,0.597572260294431
"result.50",1,3,0,137.50665903,100.34269713,117.68587935,1623804.93630591,1494,21.5,0.59749833165518
"result.242",1,15,0,134.269776708,105.238473636,114.91557466,1623796.87166715,1476,20.5,0.597448008239214
"result.3490",1,10,13,132.62280222,100.96060169,121.27220203,1623795.72461149,1467,20,0.597440850601871
"result.2740",3,11,10,133.81760224,101.5580017,119.480002,1623762.89117067,1474,20,0.59723596964569
"result.837",4,4,3,137.73539025,99.78163827,118.14635697,1623740.07223996,1495,21,0.597093579319643
"result.3326",13,15,12,136.25326494,101.31653034,117.62033982,1623714.4521001,1487,19,0.596933709424119
"result.3446",5,7,13,135.01240226,99.16840166,121.27220203,1623709.16372207,1480,20,0.596900709899209
"result.4032",15,11,15,137.41782276,98.9874147,119.36717655,1623708.13463052,1493,19,0.596894288359007
"result.2884",3,4,11,135.479414336,98.585466682,121.568581614,1623706.60320582,1483,20.5,0.59688473225556
"result.933",4,10,3,136.08423315,102.214379566,116.730031102,1623687.35478392,1486,20.5,0.596764621935517
"result.2134",5,5,8,136.689051964,99.190285496,119.754125172,1623653.50411092,1489,20.5,0.596553393441648
"result.3273",8,12,12,135.084332993,100.870833807,119.157359234,1623646.43491669,1480,19.5,0.59650928160819
"result.2239",14,11,8,138.623660495,100.28094589,116.797807566,1623642.74020116,1500,19.5,0.596486226551147
"result.3695",14,6,14,138.623660495,97.331506305,120.337135068,1623642.74020116,1500,19.5,0.596486226551147
"result.2696",7,8,10,136.20720228,99.76580167,119.480002,1623592.32784177,1487,20,0.596171652990198
"result.1428",3,9,5,135.479414336,101.609560752,117.93966873,1623557.92574009,1483,20.5,0.595956983576603
"result.438",5,11,1,136.689051964,102.81919838,115.520393474,1623553.50081552,1489,20.5,0.595929372008777
"result.3657",8,4,14,136.80460229,97.37620163,121.86960204,1623487.43139449,1490,20,0.595517098247071
"result.2907",10,5,11,137.99940231,97.97360164,120.07740201,1623482.31449462,1496,20,0.595485168747406
"result.2734",13,10,10,138.033772578,99.691057973,117.9775834,1623458.0044246,1496,19.5,0.59533347369904
"result.2082",1,2,8,135.89891838,98.55732369,121.20714342,1623428.32075275,1485,21,0.595148247328591
"result.545",0,2,2,136.887259665,99.723297765,118.92467808,1623422.81758813,1490,21.5,0.595113907533538
"result.3821",12,14,14,135.67098603,100.73425143,118.78489764,1623399.36830479,1484,19,0.594967583801613
"result.2673",0,7,10,133.664957894,100.399923124,120.9637628,1623327.82966218,1473,20.5,0.594521182049647
"result.3317",4,15,12,132.724781325,102.640497558,119.157359234,1623273.26864803,1467,19.5,0.594180720846931
"result.3979",10,8,15,136.264108827,98.511282139,120.927022985,1623270.18971842,1487,19.5,0.594161508299395
"result.2345",8,2,9,138.503508406,97.375829054,120.358943986,1623268.31442664,1499,20.5,0.594149806462385
"result.1332",3,3,5,137.12323296,99.16948098,119.37067155,1623254.89608436,1491,21,0.594066075889859
"result.1495",6,13,5,135.60980227,102.75280172,116.49300195,1623246.93710074,1483,20,0.594016411762828
"result.889",8,7,3,138.503508406,100.399923124,116.730031102,1623217.64904026,1499,20.5,0.593833654010776
"result.3634",1,3,14,134.269776708,97.980647868,123.383038056,1623207.47171374,1476,20.5,0.593770147404776
"result.3095",6,1,12,137.293870778,96.77101024,122.173400428,1623203.93177408,1492,20.5,0.593748058150516
"result.1990",5,12,7,135.01240226,102.15540171,117.68780197,1623179.1381775,1480,20,0.593593345892269
"result.131",2,8,0,136.51107567,102.23026743,116.3098851,1623170.01893185,1488,21,0.59353644172011
"result.1923",2,8,7,134.874595522,101.004741938,119.149306358,1623167.86863879,1479,20.5,0.593523023872733
"result.977",0,13,3,133.664957894,104.028836008,116.730031102,1623132.24799596,1472,20.5,0.593300750751733
"result.626",1,7,2,135.89891838,101.61811014,117.53419968,1623122.76300369,1485,21,0.593241564317493
"result.3235",2,10,12,133.22020223,100.96060169,120.67480202,1623075.09454686,1470,20,0.59294411273242
"result.1000",7,14,3,136.20720228,103.35020173,115.29820193,1623057.61180565,1486,20,0.592835020275232
"result.1384",7,6,5,137.898689592,99.79510431,117.93966873,1623040.20956479,1496,20.5,0.592726430140951
"result.1451",10,10,5,137.99940231,100.96060169,116.49300195,1623039.06304363,1496,20,0.592719275838948
"result.3229",12,9,12,137.443884661,99.101170056,119.157359234,1623024.4911356,1493,19.5,0.592628347006091
"result.3768",7,11,14,134.494445076,100.28094589,120.337135068,1623014.63856085,1477,19.5,0.592566866853978
"result.2028",11,14,7,136.853996744,102.050609641,116.207919649,1622963.73359131,1490,19.5,0.592249219401397
"result.482",1,14,1,134.269776708,104.633654822,115.520393474,1622961.88839981,1476,20.5,0.592237705390428
"result.2523",10,13,9,136.264108827,101.460721724,117.387695483,1622938.28110654,1487,19.5,0.592090395675107
"result.1946",9,9,7,137.4020023,100.36320168,117.68780197,1622927.13085904,1493,20,0.592020818033782
"result.956",11,11,3,138.59680232,101.5580017,115.29820193,1622893.01819326,1499,20,0.591807954702683
"result.3191",6,7,12,135.60980227,99.16840166,120.67480202,1622859.75834412,1483,20,0.591600412954863
"result.2485",4,11,9,134.41500225,101.5580017,118.88260199,1622856.77348587,1476,20,0.591581787413392
"result.2629",4,4,10,136.08423315,98.585466682,120.9637628,1622841.08795891,1486,20.5,0.591483909588775
"result.1121",0,6,4,135.28676109,101.00595285,118.75851426,1622807.57055083,1481,21,0.59127476067091
"result.1533",12,15,5,137.443884661,102.640497558,115.028143815,1622737.534896,1493,19.5,0.590837737575816
"result.3812",3,14,14,132.134893408,102.050609641,120.337135068,1622679.65101935,1464,19.5,0.590476541682154
"result.3018",9,12,11,135.67422091,100.870833807,118.567471317,1622663.64058538,1483,19.5,0.590376636434972
"result.3941",4,6,15,134.41500225,98.57100165,122.46700205,1622616.9188046,1476,20,0.590085092116606
"result.505",8,15,1,136.80460229,103.94760174,114.10340191,1622608.60384231,1489,20,0.590033206679652
"result.1879",6,5,7,137.293870778,99.190285496,119.149306358,1622601.25704693,1492,20.5,0.589987362612602
"result.3845",4,0,15,136.08423315,96.166191426,123.98785687,1622592.18595155,1485,20.5,0.589930758898558
"result.3402",9,4,13,137.4020023,97.37620163,121.27220203,1622583.87215962,1493,20,0.589878880764605
"result.3071",14,15,11,136.83554385,101.31653034,117.03806091,1622580.86115233,1490,19,0.589860092052921
"result.2441",8,8,9,136.80460229,99.76580167,118.88260199,1622559.78008941,1489,20,0.589728546037017
"result.3379",2,3,13,134.874595522,97.980647868,122.778219242,1622526.47582161,1479,20.5,0.589520727116341
"result.2418",1,7,9,134.269776708,100.399923124,120.358943986,1622519.83843475,1475,20.5,0.589479309764601
"result.582",5,4,2,138.34754754,99.78163827,117.53419968,1622506.14196054,1498,21,0.589393843646449
"result.1827",2,2,7,136.51107567,98.55732369,120.59498613,1622504.99497199,1488,21,0.58938668642794
"result.678",5,10,2,136.689051964,102.214379566,116.125212288,1622453.46456612,1489,20.5,0.58906513624721
"result.1173",4,9,4,136.08423315,101.609560752,117.334849916,1622442.84474714,1485,20.5,0.588998868484427
"result.2034",1,15,7,132.62280222,103.94760174,117.68780197,1622423.11622213,1466,20,0.588875762316805
"result.3062",5,15,11,133.314669242,102.640497558,118.567471317,1622416.09464479,1470,19.5,0.588831947613147
"result.2652",11,5,10,138.59680232,97.97360164,119.480002,1622398.38453944,1499,20,0.588721436401758
"result.3868",11,1,15,138.59680232,95.5840016,122.46700205,1622398.38453944,1499,20,0.588721436401758
"result.3566",13,14,13,136.25326494,100.73425143,118.20261873,1622374.75370728,1486,19,0.588573979803612
"result.3724",11,8,14,136.853996744,98.511282139,120.337135068,1622344.66347785,1490,19.5,0.58838621651033
"result.2577",0,1,10,135.28676109,97.9451664,122.431458,1622300.60161282,1481,21,0.588111270089435
"result.2840",7,1,11,137.898689592,96.77101024,121.568581614,1622283.54746243,1495,20.5,0.588004852042689
"result.2980",3,10,11,133.81760224,100.96060169,120.07740201,1622282.40147578,1473,20,0.587997701076024
"result.290",1,2,1,137.50665903,99.723297765,118.305278715,1622275.03561868,1493,21.5,0.587951738063681
"result.2479",14,10,9,138.623660495,99.691057973,117.387695483,1622243.87984864,1499,19.5,0.587757325787681
"result.183",6,11,0,137.293870778,102.81919838,114.91557466,1622199.4738955,1492,20.5,0.587480232253992
"result.1668",3,8,6,135.479414336,101.004741938,118.544487544,1622170.26939331,1482,20.5,0.58729799590634
"result.3513",8,11,13,135.084332993,100.28094589,119.747247151,1622142.27517153,1480,19.5,0.587123311719021
"result.1077",4,3,4,137.73539025,99.16948098,118.75851426,1622140.02321617,1494,21,0.587109259498017
"result.3730",1,9,14,132.62280222,100.36320168,121.86960204,1622139.1282795,1466,20,0.587103675085411
"result.1735",6,12,6,135.60980227,102.15540171,117.09040196,1622085.4008309,1483,20,0.586768415338932
"result.1217",0,12,4,133.664957894,103.424017194,117.334849916,1622056.54883172,1472,20.5,0.586588378613209
"result.1240",7,13,4,136.20720228,102.75280172,115.89560194,1622036.79028216,1486,20,0.586465085092116
"result.722",1,13,2,134.269776708,104.028836008,116.125212288,1622028.6718069,1475,20.5,0.586414425735905
"result.371",2,7,1,136.51107567,101.61811014,116.92204239,1621942.28239058,1487,21,0.585875355026872
"result.2936",7,7,11,136.20720228,99.16840166,120.07740201,1621939.56918468,1486,20,0.585858424598486
"result.3557",4,14,13,132.724781325,102.050609641,119.747247151,1621933.93426796,1467,19.5,0.585823262669142
"result.4061",12,13,15,135.67098603,100.15197252,119.36717655,1621927.39789264,1483,19,0.585782475630304
"result.2974",13,9,11,138.033772578,99.101170056,118.567471317,1621921.0027636,1496,19.5,0.585742569969495
"result.2374",5,4,9,136.689051964,98.585466682,120.358943986,1621903.44644142,1488,20.5,0.585633018366426
"result.2230",5,11,8,135.01240226,101.5580017,118.28520198,1621878.16638628,1479,20,0.585475270602509
"result.3686",5,6,14,135.01240226,98.57100165,121.86960204,1621878.16638628,1479,20,0.585475270602509
"result.3590",5,0,14,136.689051964,96.166191426,123.383038056,1621853.44479372,1488,20.5,0.585321007649991
"result.1129",8,6,4,138.503508406,99.79510431,117.334849916,1621799.01822145,1498,20.5,0.58498138536573
"result.3124",3,3,12,135.479414336,97.980647868,122.173400428,1621773.79615137,1482,20.5,0.584823999429122
"result.2268",11,13,8,136.853996744,101.460721724,116.797807566,1621773.21414235,1489,19.5,0.584820367687808
"result.866",1,6,3,135.89891838,101.00595285,118.14635697,1621747.75313292,1484,21,0.584661490767555
"result.785",0,1,3,136.887259665,99.1038984,119.544077445,1621742.25566516,1489,21.5,0.584627186520944
"result.227",2,14,0,134.874595522,104.633654822,114.91557466,1621737.06927739,1478,20.5,0.584594823416165
"result.745",8,14,2,136.80460229,103.35020173,114.70080192,1621729.77629013,1489,20,0.584549315112232
"result.3935",14,5,15,138.623660495,96.741618388,120.927022985,1621713.27764596,1499,19.5,0.584446363429124
"result.1691",10,9,6,137.99940231,100.36320168,117.09040196,1621709.30869066,1495,20,0.584421597113573
"result.1196",11,10,4,138.59680232,100.96060169,115.89560194,1621705.89742408,1499,20,0.584400310780463
"result.1773",12,14,6,137.443884661,102.050609641,115.618031732,1621685.3620175,1492,19.5,0.584272169664806
"result.2163",2,7,8,134.874595522,100.399923124,119.754125172,1621638.39345937,1478,20.5,0.583979085453643
"result.2913",0,6,11,133.664957894,99.79510431,121.568581614,1621616.49008272,1472,20.5,0.583842408192904
"result.3147",10,4,12,137.99940231,97.37620163,120.67480202,1621610.80836822,1495,20,0.583806954245027
"result.2763",10,12,10,136.264108827,100.870833807,117.9775834,1621610.64665898,1486,19.5,0.583805945177952
"result.1572",3,2,6,137.12323296,98.55732369,119.98282884,1621507.80312878,1491,21,0.583164200655237
"result.2322",1,1,9,135.89891838,97.9451664,121.81930071,1621493.12167537,1484,21,0.583072588258307
"result.2807",6,15,10,133.904557159,102.640497558,117.9775834,1621487.4894746,1473,19.5,0.583037443276546
"result.1624",7,5,6,137.898689592,99.190285496,118.544487544,1621476.44121991,1495,20.5,0.582968502071209
"result.1779",2,15,6,133.22020223,103.94760174,117.09040196,1621458.58059717,1469,20,0.582857051630001
"result.3475",2,9,13,133.22020223,100.36320168,121.27220203,1621458.58059717,1469,20,0.582857051630001
"result.2186",9,8,8,137.4020023,99.76580167,118.28520198,1621456.02214724,1492,20,0.582841086880169
"result.3897",8,3,15,136.80460229,96.77880162,122.46700205,1621436.83377274,1489,20,0.582721351256425
"result.2725",4,10,10,134.41500225,100.96060169,119.480002,1621417.64539824,1476,20,0.582601615632683
"result.2816",15,15,10,137.41782276,101.31653034,116.455782,1621378.56772287,1492,19,0.582357770598618
"result.4008",7,10,15,134.494445076,99.691057973,120.927022985,1621376.64800867,1476,19.5,0.582345791565282
"result.3469",12,8,13,137.443884661,98.511282139,119.747247151,1621350.57973797,1492,19.5,0.582183125329484
"result.1278",13,15,4,138.033772578,102.640497558,114.438255898,1621344.62714073,1495,19.5,0.582145981070915
"result.2585",8,1,10,138.503508406,96.77101024,120.9637628,1621292.36435758,1498,20.5,0.581819860849642
"result.2274",1,14,8,132.62280222,103.35020173,118.28520198,1621287.16445162,1466,20,0.581787413391233
"result.1361",0,5,5,135.28676109,100.39379556,119.37067155,1621286.66373682,1481,21,0.581784288926484
"result.3311",14,14,12,136.83554385,100.73425143,117.62033982,1621281.83146993,1489,19,0.581754135539076
"result.918",5,9,3,136.689051964,101.609560752,116.730031102,1621253.42502132,1488,20.5,0.581576879052772
"result.4052",3,13,15,132.134893408,101.460721724,120.927022985,1621208.33319002,1463,19.5,0.58129550563336
"result.3258",9,11,12,135.67422091,100.28094589,119.157359234,1621200.12271106,1483,19.5,0.581244272173266
"result.327",6,4,1,138.95970483,99.78163827,116.92204239,1621197.42802782,1500,21,0.581227457326396
"result.250",9,15,0,137.4020023,103.94760174,113.5060019,1621161.80040488,1492,20,0.581005140649447
"result.423",6,10,1,137.293870778,102.214379566,115.520393474,1621144.793123,1491,20.5,0.580899015062642
"result.3302",5,14,12,133.314669242,102.050609641,119.157359234,1621117.19687358,1470,19.5,0.580726814226319
"result.1413",4,8,5,136.08423315,101.004741938,117.93966873,1621098.77390742,1485,20.5,0.58061185475725
"result.3874",1,2,15,134.269776708,97.375829054,123.98785687,1621095.45521399,1475,20.5,0.580591146081381
"result.3431",6,6,13,135.60980227,98.57100165,121.27220203,1621069.05659479,1482,20,0.580426418468023
"result.35",2,2,0,138.126058395,99.723297765,117.68587935,1621050.73485127,1496,21.5,0.580312090629167
"result.3335",6,0,13,137.293870778,96.166191426,122.778219242,1621044.34733514,1491,20.5,0.580272232472989
"result.962",1,12,3,134.269776708,103.424017194,116.730031102,1620997.22188842,1475,20.5,0.579978169275642
"result.822",5,3,3,138.34754754,99.16948098,118.14635697,1620950.8254901,1497,21,0.57968865534672
"result.2869",4,3,11,136.08423315,97.980647868,121.568581614,1620949.43270301,1485,20.5,0.579679964343119
"result.2681",8,7,10,136.80460229,99.16840166,119.480002,1620948.59624375,1489,20,0.579674744830083
"result.3806",13,13,14,136.25326494,100.15197252,118.78489764,1620942.66232185,1486,19,0.579637717105826
"result.1480",7,12,5,136.20720228,102.15540171,116.49300195,1620918.74766119,1485,20,0.579488489415371
"result.2119",6,4,8,137.293870778,98.585466682,119.754125172,1620893.67865336,1491,20.5,0.579332058588511
"result.1457",0,11,5,133.664957894,102.81919838,117.93966873,1620883.05883438,1471,20.5,0.579265790825728
"result.2658",1,6,10,134.269776708,99.79510431,120.9637628,1620849.87190006,1475,20.5,0.579058704067033
"result.467",2,13,1,134.874595522,104.028836008,115.520393474,1620848.98691515,1478,20.5,0.579053181753467
"result.1975",6,11,7,135.60980227,101.5580017,117.68780197,1620827.0698719,1482,20,0.578916419213044
"result.985",8,13,3,136.80460229,102.75280172,115.29820193,1620753.30123215,1489,20,0.578456102259544
"result.2719",14,9,10,138.623660495,99.101170056,117.9775834,1620748.54636836,1498,19.5,0.578426431868112
"result.3220",3,9,12,133.81760224,100.36320168,120.67480202,1620706.3963167,1472,20,0.578163415179284
"result.116",3,7,0,137.12323296,101.61811014,116.3098851,1620685.64173792,1490,21,0.578033906427178
"result.1908",3,7,7,135.479414336,100.399923124,119.149306358,1620683.49473604,1481,20.5,0.578020509116772
"result.530",1,1,2,137.50665903,99.1038984,118.92467808,1620639.62453923,1492,21.5,0.577746758707251
"result.611",2,6,2,136.51107567,101.00595285,117.53419968,1620612.23447087,1487,21,0.577575844442531
"result.2067",2,1,8,136.51107567,97.9451664,121.20714342,1620612.23447087,1487,21,0.577575844442531
"result.3642",9,3,14,137.4020023,96.77880162,121.86960204,1620573.35692016,1492,20,0.577333248188001
"result.2892",11,4,11,138.59680232,97.37620163,120.07740201,1620568.24002029,1498,20,0.577301318688337
"result.3753",8,10,14,135.084332993,99.691057973,120.337135068,1620544.10544229,1479,19.5,0.577150718711778
"result.2013",12,13,7,137.443884661,101.460721724,116.207919649,1620537.53705913,1492,19.5,0.577109731943704
"result.3964",11,7,15,136.853996744,97.921394222,120.927022985,1620535.07391544,1489,19.5,0.577094361905676
"result.3797",4,13,14,132.724781325,101.460721724,120.337135068,1620502.23199961,1466,19.5,0.5768894280653
"result.2508",11,12,9,136.853996744,100.870833807,117.387695483,1620487.45313748,1489,19.5,0.576797207837131
"result.2552",7,15,9,134.494445076,102.640497558,117.387695483,1620487.45313748,1476,19.5,0.576797207837131
"result.2470",5,10,9,135.01240226,100.96060169,118.88260199,1620480.82631423,1479,20,0.576755856402398
"result.3619",2,2,14,134.874595522,97.375829054,123.383038056,1620454.28364304,1478,20.5,0.576590229903381
"result.1317",4,2,5,137.73539025,98.55732369,119.37067155,1620436.7452231,1493,21,0.576480790010481
"result.1436",11,9,5,138.59680232,100.36320168,116.49300195,1620419.84992414,1498,20,0.576375363198058
"result.1524",3,15,5,133.81760224,103.94760174,116.49300195,1620419.84992414,1472,20,0.576375363198058
"result.3970",1,8,15,132.62280222,99.76580167,122.46700205,1620387.86929997,1465,20,0.576175803825154
"result.2019",2,14,7,133.22020223,103.35020173,117.68780197,1620365.05645473,1469,20,0.576033451472483
"result.1518",13,14,5,138.033772578,102.050609641,115.028143815,1620335.9698007,1495,19.5,0.575851950498403
"result.490",9,14,1,137.4020023,103.35020173,114.10340191,1620328.17213486,1492,20,0.575803292995733
"result.3214",13,8,12,138.033772578,98.511282139,119.157359234,1620287.9384988,1495,19.5,0.575552234756855
"result.1931",10,8,7,137.99940231,99.76580167,117.68780197,1620281.05401525,1495,20,0.575509275519652
"result.1369",8,5,5,138.503508406,99.190285496,117.93966873,1620279.05662986,1498,20.5,0.575496811817467
"result.1106",1,5,4,135.89891838,100.39379556,118.75851426,1620270.89067913,1483,21,0.575445856213917
"result.3047",6,14,11,133.904557159,102.050609641,118.567471317,1620229.43883622,1472,19.5,0.575187196353687
"result.2817",0,0,11,135.28676109,97.33300911,123.04361529,1620222.02896701,1480,21,0.575140958705385
"result.3176",7,6,12,136.20720228,98.57100165,120.67480202,1620189.58943012,1485,20,0.574938535713145
"result.3003",10,11,11,136.264108827,100.28094589,118.567471317,1620188.18117945,1485,19.5,0.574929748216716
"result.3080",7,0,12,137.898689592,96.166191426,122.173400428,1620164.89357582,1494,20.5,0.574784433367553
"result.3056",15,14,11,137.41782276,100.73425143,117.03806091,1620120.60159274,1492,19,0.574508051008008
"result.2514",1,13,9,132.62280222,102.75280172,118.88260199,1620056.55003358,1465,20,0.574108368721863
"result.2614",5,3,10,136.689051964,97.980647868,120.9637628,1620053.38547652,1488,20.5,0.574088621858336
"result.2403",2,6,9,134.874595522,99.79510431,120.358943986,1620010.24246192,1478,20.5,0.573819409072031
"result.663",6,9,2,137.293870778,101.609560752,116.125212288,1619989.66656264,1491,20.5,0.573691015281639
"result.1025",0,0,4,136.887259665,98.484499035,120.16347681,1619956.65862201,1489,21.5,0.573485045445064
"result.1158",5,8,4,136.689051964,101.004741938,117.334849916,1619953.38218112,1488,20.5,0.573464600425465
"result.3926",5,5,15,135.01240226,97.97360164,122.46700205,1619950.80076966,1478,20,0.573448492395458
"result.3551",14,13,13,136.83554385,100.15197252,118.20261873,1619890.01395307,1488,19,0.573069182131387
"result.2426",9,7,9,137.4020023,99.16840166,118.88260199,1619886.83952132,1491,20,0.573049373649649
"result.2965",4,9,11,134.41500225,100.36320168,120.07740201,1619882.5754381,1475,20,0.573022765733261
"result.1023",14,15,3,138.623660495,102.640497558,113.848367981,1619880.28821852,1498,19.5,0.573008493463202
"result.1202",1,11,4,134.269776708,102.81919838,117.334849916,1619867.53864437,1474,20.5,0.572928936009639
"result.707",2,12,2,134.874595522,103.424017194,116.125212288,1619862.22873488,1478,20.5,0.572895802128249
"result.1864",7,4,7,137.898689592,98.585466682,119.149306358,1619811.78459472,1494,20.5,0.572581030255031
"result.3153",0,5,12,133.664957894,99.190285496,122.173400428,1619807.35967014,1471,20.5,0.572553418687205
"result.168",7,10,0,137.898689592,102.214379566,114.91557466,1619761.34045456,1494,20.5,0.572266258381814
"result.3715",2,8,14,133.22020223,99.76580167,121.86960204,1619746.97759162,1468,20,0.572176633992146
"result.3364",3,2,13,135.479414336,97.375829054,122.778219242,1619741.87078643,1481,20.5,0.572144767483379
"result.3542",5,13,13,133.314669242,101.460721724,119.747247151,1619725.52069015,1469,19.5,0.572042742740435
"result.1720",7,11,6,136.20720228,101.5580017,117.09040196,1619703.48394275,1485,20,0.571905233244996
"result.567",6,3,2,138.95970483,99.16948098,117.53419968,1619687.30290615,1500,21,0.571804263435966
"result.1225",8,12,4,136.80460229,102.15540171,115.89560194,1619679.17866838,1488,20,0.571753568121588
"result.1601",0,4,6,135.28676109,99.78163827,119.98282884,1619664.3631352,1480,21,0.571661119065763
"result.4090",9,15,15,133.9241493,101.31653034,119.36717655,1619661.00568079,1472,19,0.571640168521044
"result.1812",3,1,7,137.12323296,97.9451664,120.59498613,1619657.93999934,1490,21,0.571621038642106
"result.1653",4,7,6,136.08423315,100.399923124,118.544487544,1619655.14226476,1484,20.5,0.571603580753988
"result.3498",9,10,13,135.67422091,99.691057973,119.747247151,1619642.18432873,1482,19.5,0.571522723120483
"result.3387",10,3,13,137.99940231,96.77880162,121.27220203,1619640.80191937,1495,20,0.571514096874102
"result.1697",0,10,6,133.664957894,102.214379566,118.544487544,1619611.77800392,1471,20.5,0.571332987389291
"result.212",3,13,0,135.479414336,104.028836008,114.91557466,1619593.1933207,1481,20.5,0.571217018804421
"result.3709",12,7,14,137.443884661,97.921394222,120.337135068,1619581.01626049,1491,19.5,0.571141033842785
"result.2215",6,10,8,135.60980227,100.96060169,118.28520198,1619471.94422376,1481,20,0.570460423385166
"result.275",2,1,1,138.126058395,99.1038984,118.305278715,1619460.94988738,1495,21.5,0.570391818630546
"result.2562",1,0,10,135.89891838,97.33300911,122.431458,1619456.07001497,1483,21,0.570361368184323
"result.4046",13,12,15,136.25326494,99.56969361,119.36717655,1619418.17794381,1485,19,0.570124921330765
"result.2297",8,15,8,135.084332993,102.640497558,116.797807566,1619415.98563342,1479,19.5,0.570111241294901
"result.356",3,6,1,137.12323296,101.00595285,116.92204239,1619401.01456469,1490,21,0.570017821695838
"result.730",9,13,2,137.4020023,102.75280172,114.70080192,1619396.46995072,1491,20,0.569989463265111
"result.1764",3,14,6,133.81760224,103.35020173,117.09040196,1619369.17981809,1472,20,0.569819172600232
"result.1269",4,15,4,134.41500225,103.94760174,115.89560194,1619306.92420304,1475,20,0.569430697020977
"result.2253",12,12,8,137.443884661,100.870833807,116.797807566,1619294.06002089,1491,19.5,0.56935042441251
"result.1062",5,2,4,138.34754754,98.55732369,118.75851426,1619291.82125497,1496,21,0.569336454493674
"result.2792",7,14,10,134.494445076,102.050609641,117.9775834,1619270.66015586,1475,19.5,0.569204409051243
"result.2921",8,6,11,136.80460229,98.57100165,120.07740201,1619239.76489229,1488,20,0.569011622337879
"result.1758",13,13,6,138.033772578,101.460721724,115.618031732,1619231.24985686,1495,19.5,0.568958488442793
"result.2825",8,0,11,138.503508406,96.166191426,121.568581614,1619215.08351575,1497,20.5,0.568857610333681
"result.3671",6,5,14,135.60980227,97.97360164,121.86960204,1619181.5601563,1481,20,0.568648424279191
"result.851",2,5,3,136.51107567,100.39379556,118.14635697,1619179.87517273,1486,21,0.568637909967085
"result.2259",2,13,8,133.22020223,102.75280172,118.28520198,1619176.44325643,1468,20,0.568616494779527
"result.2959",14,8,11,138.623660495,98.511282139,118.567471317,1619156.73976032,1498,19.5,0.568493544792443
"result.2748",11,11,10,136.853996744,100.28094589,117.9775834,1619106.4505767,1488,19.5,0.568179739849368
"result.2148",3,6,8,135.479414336,99.79510431,119.754125172,1619097.60176828,1481,20.5,0.568124523207899
"result.2359",6,3,9,137.293870778,97.980647868,120.358943986,1619085.65447193,1490,20.5,0.568049971974769
"result.2898",1,5,11,134.269776708,99.190285496,121.568581614,1619081.67203981,1474,20.5,0.568025121563726
"result.1676",11,8,6,138.59680232,99.76580167,117.09040196,1619034.87569344,1497,20,0.567733111955469
"result.3460",3,8,13,133.81760224,99.76580167,121.27220203,1619034.87569344,1471,20,0.567733111955469
"result.1114",9,5,4,139.10832722,99.190285496,117.334849916,1619009.10327677,1500,20.5,0.567572291851377
"result.2710",5,9,10,135.01240226,100.36320168,119.480002,1618987.11796135,1478,20,0.567435103291932
"result.4037",4,12,15,132.724781325,100.870833807,120.927022985,1618978.16184297,1465,19.5,0.567379217035404
"result.3109",4,2,12,136.08423315,97.375829054,122.173400428,1618958.21664416,1484,20.5,0.567254758821377
"result.1263",14,14,4,138.623660495,102.050609641,114.438255898,1618915.55694092,1498,19.5,0.56698856190219
"result.770",1,0,3,137.50665903,98.484499035,119.544077445,1618898.70306756,1492,21.5,0.566883393585892
"result.3287",6,13,12,133.904557159,101.460721724,119.157359234,1618878.19926166,1472,19.5,0.566755449658763
"result.235",10,14,0,137.99940231,103.35020173,113.5060019,1618852.79933983,1494,20,0.566596953925733
"result.3993",8,9,15,135.084332993,99.101170056,120.927022985,1618851.92572899,1478,19.5,0.566591502586463
"result.947",2,11,3,134.874595522,102.81919838,116.730031102,1618776.79473658,1477,20.5,0.566122684540507
"result.3296",15,13,12,137.41782276,100.15197252,117.62033982,1618769.45278631,1491,19,0.566076870706983
"result.3835",10,15,14,134.50642821,101.31653034,118.78489764,1618767.87341891,1475,19,0.566067015440704
"result.2171",10,7,8,137.99940231,99.16840166,118.28520198,1618754.29901739,1494,20,0.565982311057185
"result.903",6,8,3,137.293870778,101.004741938,116.730031102,1618734.09421443,1490,20.5,0.565856232910985
"result.2754",1,12,10,132.62280222,102.15540171,119.480002,1618731.27296799,1465,20,0.565838628308694
"result.1346",1,4,5,135.89891838,99.78163827,119.37067155,1618692.17564233,1483,21,0.56559466065658
"result.3243",10,10,12,136.264108827,99.691057973,119.157359234,1618670.88466796,1485,19.5,0.565461804791397
"result.1609",8,4,6,138.503508406,98.585466682,118.544487544,1618657.7642655,1497,20.5,0.565379933365985
"result.408",7,9,1,137.898689592,101.609560752,115.520393474,1618651.5693711,1494,20.5,0.565341277171028
"result.452",3,12,1,135.479414336,103.424017194,115.520393474,1618651.5693711,1480,20.5,0.565341277171028
"result.1442",1,10,5,134.269776708,102.214379566,117.93966873,1618639.62207474,1474,20.5,0.565266725937898
"result.3132",11,3,12,138.59680232,96.77880162,120.67480202,1618639.16877038,1497,20,0.56526389731473
"result.1557",4,1,6,137.73539025,97.9451664,119.98282884,1618630.23826076,1493,21,0.565208170857034
"result.2307",2,0,9,136.51107567,97.33300911,121.81930071,1618617.16259132,1486,21,0.565126578566019
"result.3454",13,7,13,138.033772578,97.921394222,119.747247151,1618558.81163018,1494,19.5,0.564762468061117
"result.1398",5,7,5,136.689051964,100.399923124,117.93966873,1618553.33604553,1487,20.5,0.564728300365289
"result.1465",8,11,5,136.80460229,101.5580017,116.49300195,1618507.4085988,1488,20,0.564441712698363
"result.3882",9,2,15,137.4020023,96.18140161,122.46700205,1618464.76776658,1491,20,0.564175633534489
"result.3791",14,12,14,136.83554385,99.56969361,118.78489764,1618405.40860176,1488,19,0.563805231829852
"result.1960",7,10,7,136.20720228,100.96060169,117.68780197,1618390.99912683,1484,20,0.56371531658099
"result.970",9,12,3,137.4020023,102.15540171,115.29820193,1618366.69385246,1491,20,0.563563651457582
"result.768",15,15,2,139.213548412,102.640497558,113.258480064,1618344.51812937,1500,19.5,0.563425274752672
"result.3416",7,5,13,136.20720228,97.97360164,121.27220203,1618342.38857809,1484,20,0.563411986334174
"result.1509",4,14,5,134.41500225,103.35020173,116.49300195,1618299.5345417,1474,20,0.563144576774481
"result.2643",2,5,10,134.874595522,99.190285496,120.9637628,1618283.41564644,1477,20.5,0.563043994727897
"result.3859",2,1,15,134.874595522,96.77101024,123.98785687,1618283.41564644,1477,20.5,0.563043994727897
"result.2042",9,15,7,135.67422091,102.640497558,116.207919649,1618273.08696243,1481,19.5,0.562979543649855
"result.3205",4,8,12,134.41500225,99.76580167,120.67480202,1618251.56360545,1474,20,0.562845237715125
"result.145",0,9,0,135.28676109,102.84242472,116.3098851,1618244.85010879,1479,21,0.562803345437632
"result.1937",0,9,7,133.664957894,101.609560752,119.149306358,1618242.70634035,1470,20.5,0.562789968303898
"result.3782",5,12,14,133.314669242,100.870833807,120.337135068,1618241.06609449,1468,19.5,0.562779733155491
"result.2537",8,14,9,135.084332993,102.050609641,117.387695483,1618240.86083252,1478,19.5,0.562778452318987
"result.2004",3,13,7,133.81760224,102.75280172,117.68780197,1618222.99424785,1471,20,0.56266696467533
"result.2666",9,6,10,137.4020023,98.57100165,119.480002,1618219.58298128,1491,20,0.56264567834222
"result.20",3,1,0,138.74545776,99.1038984,117.68587935,1618206.23170959,1498,21.5,0.562562366290826
"result.2570",9,0,10,139.10832722,96.166191426,120.9637628,1618194.91715494,1500,20.5,0.562491763371375
"result.1014",5,15,3,135.01240226,103.94760174,115.29820193,1618119.80343387,1478,20,0.562023053098758
"result.101",4,6,0,137.73539025,101.00595285,116.3098851,1618114.09341438,1492,21,0.561987422527477
"result.1893",4,6,7,136.08423315,99.79510431,119.149306358,1618111.94981915,1483,20.5,0.561974046474637
"result.2854",5,2,11,136.689051964,97.375829054,121.568581614,1618103.32121623,1487,20.5,0.561920203917376
"result.807",6,2,3,138.95970483,98.55732369,118.14635697,1618073.03122437,1499,21,0.561731194104815
"result.2104",7,3,8,137.898689592,97.980647868,119.754125172,1618046.23968921,1493,20.5,0.561564014692418
"result.1998",13,12,7,138.033772578,100.870833807,116.207919649,1618030.46730921,1494,19.5,0.561465594904086
"result.2455",6,9,9,135.60980227,100.36320168,118.88260199,1618020.02388646,1481,20,0.561400427855295
"result.596",3,5,2,137.12323296,100.39379556,117.53419968,1618013.61721761,1489,21,0.561360450185991
"result.3738",9,9,14,135.67422091,99.101170056,120.337135068,1617989.82543837,1481,19.5,0.561211989276623
"result.475",10,13,1,137.99940231,102.75280172,114.10340191,1617966.29643785,1494,20,0.561065168108816
"result.3032",7,13,11,134.494445076,101.460721724,118.567471317,1617960.26771412,1475,19.5,0.561027548820285
"result.2704",15,8,10,139.213548412,98.511282139,117.9775834,1617956.98352253,1500,19.5,0.561007055436248
"result.2493",12,11,9,137.443884661,100.28094589,117.387695483,1617954.9309028,1491,19.5,0.560994247071225
"result.1841",0,3,7,135.28676109,99.16948098,120.59498613,1617940.66874599,1479,21,0.560905251088747
"result.3955",2,7,15,133.22020223,99.16840166,122.46700205,1617940.2855302,1468,20,0.560902859818854
"result.3393",0,4,13,133.664957894,98.585466682,122.778219242,1617900.43842446,1470,20.5,0.560654213532549
"result.2499",2,12,9,133.22020223,102.15540171,118.88260199,1617892.74100226,1468,20,0.560606181551136
"result.1503",14,13,5,138.623660495,101.460721724,115.028143815,1617854.35253556,1497,19.5,0.560366637185076
"result.3580",11,15,13,135.08870712,101.31653034,118.20261873,1617806.03867535,1478,19,0.560065158277263
"result.515",2,0,2,138.126058395,98.484499035,118.92467808,1617765.17925922,1494,21.5,0.55981019516535
"result.1421",12,8,5,139.19420233,99.76580167,116.49300195,1617717.48718181,1500,20,0.559512596187619
"result.3949",12,6,15,137.443884661,97.331506305,120.927022985,1617715.80070313,1491,19.5,0.559502072545995
"result.2052",3,0,8,137.12323296,97.33300911,121.20714342,1617705.30669604,1489,21,0.559436589850469
"result.1091",2,4,4,136.51107567,99.78163827,118.75851426,1617645.20449615,1486,21,0.559061551600538
"result.2988",11,10,11,136.853996744,99.691057973,118.567471317,1617630.20645999,1487,19.5,0.558967963724517
"result.692",3,11,2,135.479414336,102.81919838,116.125212288,1617610.82711101,1480,20.5,0.558847036418331
"result.3604",3,1,14,135.479414336,96.77101024,123.383038056,1617610.82711101,1480,20.5,0.558847036418331
"result.1187",2,10,4,134.874595522,102.214379566,117.334849916,1617592.68492025,1477,20.5,0.558733828990244
"result.3627",10,2,14,137.99940231,96.18140161,121.86960204,1617572.29514808,1494,20,0.558606596634631
"result.2877",12,3,11,139.19420233,96.77880162,120.07740201,1617568.45747318,1500,20,0.558582649509882
"result.1916",11,7,7,138.59680232,99.16840166,117.68780197,1617550.97473197,1497,20,0.558473557052695
"result.1302",5,1,5,138.34754754,97.9451664,119.37067155,1617529.12925514,1495,21,0.558337241087313
"result.3199",14,7,12,138.623660495,97.921394222,119.157359234,1617468.46002452,1497,19.5,0.557958664560672
"result.648",7,8,2,137.898689592,101.004741938,116.125212288,1617440.91000732,1493,20.5,0.557786752213809
"result.3527",6,12,13,133.904557159,100.870833807,119.747247151,1617433.77075092,1471,19.5,0.557742203191776
"result.3161",8,5,12,136.80460229,97.97360164,120.67480202,1617433.28603503,1487,20,0.557739178560405
"result.1354",9,4,5,139.10832722,98.585466682,117.93966873,1617431.61766571,1499,20.5,0.557728767921374
"result.1008",15,14,3,139.213548412,102.050609641,113.848367981,1617424.12343814,1500,19.5,0.557682003876166
"result.2388",3,5,9,135.479414336,99.190285496,120.358943986,1617412.59049004,1480,20.5,0.557610038179722
"result.2950",5,8,11,135.01240226,99.76580167,120.07740201,1617397.04132763,1477,20,0.557513011271114
"result.1143",6,7,4,137.293870778,100.399923124,117.334849916,1617378.07607835,1490,20.5,0.557394667950678
"result.197",4,12,0,136.08423315,103.424017194,114.91557466,1617365.24379708,1483,20.5,0.557314594403983
"result.4075",10,14,15,134.50642821,100.73425143,119.36717655,1617354.14217945,1474,19,0.557245320213404
"result.3536",15,12,13,137.41782276,99.56969361,118.20261873,1617325.12130357,1490,19,0.557064229695542
"result.1682",1,9,6,134.269776708,101.609560752,118.544487544,1617313.47217955,1473,20.5,0.556991539060417
"result.2994",1,11,11,132.62280222,101.5580017,120.07740201,1617311.33325486,1464,20,0.556978192151729
"result.3700",3,7,14,133.81760224,99.16840166,121.86960204,1617267.83960599,1471,20,0.556706791404579
"result.153",8,9,0,138.503508406,101.609560752,114.91557466,1617239.13344669,1496,20.5,0.556527664720938
"result.1210",9,11,4,137.4020023,101.5580017,115.89560194,1617238.84384008,1490,20,0.556525857573146
"result.1705",8,10,6,136.80460229,100.96060169,117.09040196,1617237.99102343,1487,20,0.556520535989868
"result.3138",1,4,12,134.269776708,98.585466682,122.173400428,1617215.23885398,1473,20.5,0.556378562254678
"result.3911",6,4,15,135.60980227,97.37620163,122.46700205,1617197.26902866,1480,20,0.556266430388369
"result.1749",4,13,6,134.41500225,102.75280172,117.09040196,1617196.20300785,1474,20,0.556259778409272
"result.2599",6,2,10,137.293870778,97.375829054,120.9637628,1617177.18450264,1490,20.5,0.556141102771373
"result.1254",5,14,4,135.01240226,103.35020173,115.89560194,1617156.12062556,1477,20,0.556009663995232
"result.2282",9,14,8,135.67422091,102.050609641,116.797807566,1617140.04086618,1481,19.5,0.555909326156923
"result.2411",10,6,9,137.99940231,98.57100165,118.88260199,1617129.04369709,1493,20,0.555840703726173
"result.385",0,8,1,135.28676109,102.23026743,116.92204239,1617078.82155138,1479,21,0.555527317100238
"result.1787",10,15,6,136.264108827,102.640497558,115.618031732,1617058.7571245,1484,19.5,0.555402114901995
"result.3483",10,9,13,136.264108827,99.101170056,119.747247151,1617058.7571245,1484,19.5,0.555402114901995
"result.1638",5,6,6,136.689051964,99.79510431,118.544487544,1617053.28661453,1486,20.5,0.555367978872243
"result.1586",1,3,6,135.89891838,99.16948098,119.98282884,1617011.6080225,1482,21,0.555107904095544
"result.715",10,12,2,137.99940231,102.15540171,114.70080192,1616981.29321343,1493,20,0.554918739423354
"result.2200",7,9,8,136.20720228,100.36320168,118.28520198,1616981.29321343,1484,20,0.554918739423354
"result.2244",3,12,8,133.81760224,102.15540171,118.28520198,1616981.29321343,1470,20,0.554918739423354
"result.2777",8,13,10,135.084332993,101.460721724,117.9775834,1616971.72604754,1477,19.5,0.554859040225002
"result.1849",8,3,7,138.503508406,97.980647868,119.149306358,1616935.14112837,1496,20.5,0.554630750011285
"result.3349",4,1,13,136.08423315,96.77101024,122.778219242,1616867.43978237,1483,20.5,0.554208293023547
"result.759",6,15,2,135.60980227,103.94760174,114.70080192,1616858.48761662,1480,20,0.5541524314314
"result.4031",14,11,15,136.83554385,98.9874147,119.36717655,1616828.01541598,1487,19,0.55396228463447
"result.2177",0,8,8,133.664957894,101.004741938,119.754125172,1616775.84384367,1470,20.5,0.553636733569546
"result.3325",12,15,12,135.67098603,101.31653034,117.62033982,1616775.5014501,1481,19,0.553634597030719
"result.341",4,5,1,137.73539025,100.39379556,116.92204239,1616772.11681378,1492,21,0.553613476870631
"result.2238",13,11,8,138.033772578,100.28094589,116.797807566,1616733.62215775,1493,19.5,0.553373269882284
"result.3694",13,6,14,138.033772578,97.331506305,120.337135068,1616733.62215775,1493,19.5,0.553373269882284
"result.1797",4,0,7,137.73539025,97.33300911,120.59498613,1616720.50232914,1492,21,0.553291402037675
"result.1743",14,12,6,138.623660495,100.870833807,115.618031732,1616696.67500244,1497,19.5,0.553142719311862
"result.4022",5,11,15,133.314669242,100.28094589,120.927022985,1616663.8330866,1468,19.5,0.552937785471487
"result.3372",11,2,13,138.59680232,96.18140161,121.27220203,1616611.17078971,1496,20,0.552609172280938
"result.3272",7,12,12,134.494445076,100.870833807,119.157359234,1616556.27581225,1474,19.5,0.552266627144259
"result.260",3,0,1,138.74545776,98.484499035,118.305278715,1616556.087197,1497,21.5,0.552265450183438
"result.3445",4,7,13,134.41500225,99.16840166,121.27220203,1616524.60990029,1474,20,0.552069031578275
"result.836",3,4,3,137.12323296,99.78163827,118.14635697,1616523.44969667,1488,21,0.552061791897635
"result.2733",12,10,10,137.443884661,99.691057973,117.9775834,1616520.14970483,1490,19.5,0.552041199919847
"result.2739",2,11,10,133.22020223,101.5580017,119.480002,1616513.94969223,1467,20,0.552002511787307
"result.49",0,3,0,136.887259665,100.34269713,117.68587935,1616490.49965588,1487,21.5,0.551856183356589
"result.241",0,15,0,133.664957894,105.238473636,114.91557466,1616482.47134433,1469,20.5,0.551806086622676
"result.2695",6,8,10,135.60980227,99.76580167,119.480002,1616471.30886001,1480,20,0.551736432623434
"result.932",3,10,3,135.479414336,102.214379566,116.730031102,1616470.96654043,1479,20.5,0.551734296546329
"result.2133",4,5,8,136.08423315,99.190285496,119.754125172,1616469.1965706,1483,20.5,0.551723251919198
"result.220",11,13,0,138.59680232,102.75280172,113.5060019,1616462.78069356,1496,20,0.551683216790659
"result.2883",2,4,11,134.874595522,98.585466682,121.568581614,1616457.91301294,1476,20.5,0.551652842421241
"result.2906",9,5,11,137.4020023,97.97360164,120.07740201,1616454.25252711,1490,20,0.551630000957885
"result.3820",11,14,14,135.08870712,100.73425143,118.78489764,1616431.98904168,1477,19,0.551491076615203
"result.1248",15,13,4,139.213548412,101.460721724,114.438255898,1616406.84509521,1500,19.5,0.551334178170554
"result.3656",7,4,14,136.20720228,97.37620163,121.86960204,1616397.96662858,1483,20,0.551278776461572
"result.437",4,11,1,136.08423315,102.81919838,115.520393474,1616369.63576766,1483,20.5,0.55110199164311
"result.1047",6,1,4,138.95970483,97.9451664,118.75851426,1616354.61298248,1498,21,0.551008249332945
"result.2944",15,7,11,139.213548412,97.921394222,118.567471317,1616309.9614435,1500,19.5,0.550729623341447
"result.1427",2,9,5,134.874595522,101.609560752,117.93966873,1616309.8992859,1476,20.5,0.550729235477459
"result.1661",12,7,6,139.19420233,99.16840166,117.09040196,1616276.86666505,1499,20,0.550523111636174
"result.3978",9,8,15,135.67422091,98.511282139,120.927022985,1616243.04603999,1480,19.5,0.550312070641685
"result.2344",7,2,9,137.898689592,97.375829054,120.358943986,1616179.80650338,1492,20.5,0.549917455383372
"result.888",7,7,3,137.898689592,100.399923124,116.730031102,1616129.36236323,1492,20.5,0.549602683510154
"result.2081",0,2,8,135.28676109,98.55732369,121.20714342,1616115.58056918,1478,21,0.549516684995434
"result.1494",5,13,5,135.01240226,102.75280172,116.49300195,1616096.06953642,1477,20,0.549394935981354
"result.393",8,8,1,138.503508406,101.004741938,115.520393474,1616073.82955981,1496,20.5,0.549256158333936
"result.3228",11,9,12,136.853996744,99.101170056,119.157359234,1616058.72078738,1487,19.5,0.54916187946258
"result.3094",5,1,12,136.689051964,96.77101024,122.173400428,1616053.25366053,1486,20.5,0.549127764543546
"result.1450",9,10,5,137.4020023,100.96060169,116.49300195,1616012.91991357,1490,20,0.548876081611801
"result.1331",2,3,5,136.51107567,99.16948098,119.37067155,1616008.22244113,1485,21,0.548846769342887
"result.1989",4,12,7,134.41500225,102.15540171,117.68780197,1615996.92960149,1473,20,0.548776301925349
"result.2027",10,14,7,136.264108827,102.050609641,116.207919649,1615968.20025686,1483,19.5,0.548597030565047
"result.2156",11,6,8,138.59680232,98.57100165,118.28520198,1615968.14703974,1496,20,0.548596698489735
"result.999",6,14,3,135.60980227,103.35020173,115.29820193,1615938.93806966,1480,20,0.548414434262482
"result.1383",6,6,5,137.293870778,99.79510431,117.93966873,1615921.61215442,1489,20.5,0.548306320400719
"result.2522",9,13,9,135.67422091,101.460721724,117.387695483,1615912.57426192,1480,19.5,0.548249923872912
"result.955",10,11,3,137.99940231,101.5580017,115.29820193,1615897.78966656,1493,20,0.548157667869345
"result.3767",6,11,14,133.904557159,100.28094589,120.337135068,1615896.153304,1470,19.5,0.548147456952724
"result.3633",0,3,14,133.664957894,97.980647868,123.383038056,1615895.72634566,1469,20.5,0.548144792728936
"result.130",1,8,0,135.89891838,102.23026743,116.3098851,1615891.22960928,1481,21,0.548116733054854
"result.1922",1,8,7,134.269776708,101.004741938,119.149306358,1615889.08895879,1472,20.5,0.548103375377197
"result.1945",8,9,7,136.80460229,100.36320168,117.68780197,1615870.92594226,1486,20,0.547990037996105
"result.625",0,7,2,135.28676109,101.61811014,117.53419968,1615811.39920637,1478,21,0.547618590646549
"result.3776",15,11,14,137.41782276,98.9874147,118.78489764,1615787.60714452,1490,19,0.547470127973686
"result.1532",11,15,5,136.853996744,102.640497558,115.028143815,1615772.99611963,1487,19.5,0.547378955051319
"result.1594",9,3,6,139.10832722,97.980647868,118.544487544,1615752.35878942,1499,20.5,0.54725017793137
"result.3190",5,7,12,135.01240226,99.16840166,120.67480202,1615710.59641309,1476,20,0.546989580339943
"result.3439",14,6,13,138.623660495,97.331506305,119.747247151,1615683.70716096,1496,19.5,0.546821791172799
"result.3070",13,15,11,136.25326494,101.31653034,117.03806091,1615676.26174317,1483,19,0.54677533170107
"result.1542",5,0,6,138.34754754,97.33300911,119.98282884,1615662.74949061,1495,21,0.546691015127637
"result.481",0,14,1,133.664957894,104.633654822,115.520393474,1615651.24926288,1469,20.5,0.546619253606544
"result.2484",3,11,9,133.81760224,101.5580017,118.88260199,1615644.07671482,1470,20,0.546574496844301
"result.2628",3,4,10,135.479414336,98.585466682,120.9637628,1615628.46090131,1479,20.5,0.54647705403224
"result.3017",8,12,11,135.084332993,100.870833807,118.567471317,1615608.58127849,1477,19.5,0.546353005012941
"result.3117",12,2,12,139.19420233,96.18140161,120.67480202,1615581.39469145,1499,20,0.546183360473408
"result.3401",8,4,13,136.80460229,97.37620163,121.27220203,1615529.15967197,1486,20,0.545857413497664
"result.460",11,12,1,138.59680232,102.15540171,114.10340191,1615522.9767513,1496,20,0.545818832018903
"result.504",7,15,1,136.20720228,103.94760174,114.10340191,1615522.9767513,1483,20,0.545818832018903
"result.2440",7,8,9,136.20720228,99.76580167,118.88260199,1615474.36620256,1483,20,0.545515501772087
"result.86",5,5,0,138.34754754,100.39379556,116.3098851,1615455.37396122,1494,21,0.545396990021006
"result.1878",5,5,7,136.689051964,99.190285496,119.149306358,1615453.23388813,1485,20.5,0.545383635946327
"result.1983",14,11,7,138.623660495,100.28094589,116.207919649,1615442.52434156,1496,19.5,0.545316808282546
"result.3565",12,14,13,135.67098603,100.73425143,118.20261873,1615441.52826408,1480,19,0.545310592750469
"result.2651",10,5,10,137.99940231,97.97360164,119.480002,1615405.28805435,1493,20,0.545084453526613
"result.3867",10,1,15,137.99940231,95.5840016,122.46700205,1615405.28805435,1493,20,0.545084453526613
"result.3940",3,6,15,133.81760224,98.57100165,122.46700205,1615405.28805435,1470,20,0.545084453526613
"result.3844",3,0,15,135.479414336,96.166191426,123.98785687,1615380.6651251,1479,20.5,0.544930806233979
"result.3723",10,8,14,136.264108827,98.511282139,120.337135068,1615351.79854907,1483,19.5,0.54475067854851
"result.2478",13,10,9,138.033772578,99.691057973,117.387695483,1615340.71440247,1493,19.5,0.544681513377384
"result.581",4,4,2,137.73539025,99.78163827,117.53419968,1615326.9112439,1491,21,0.544595381547873
"result.1488",15,12,5,139.213548412,100.870833807,115.028143815,1615292.68310057,1499,19.5,0.544381797635837
"result.677",4,10,2,136.08423315,102.214379566,116.125212288,1615274.4669353,1482,20.5,0.544268128606153
"result.5",4,0,0,139.364857125,98.484499035,117.68587935,1615271.42688088,1500,21.5,0.544249158640158
"result.3378",1,3,13,134.269776708,97.980647868,122.778219242,1615250.57234259,1472,20.5,0.544119026139891
"result.3061",4,15,11,132.724781325,102.640497558,118.567471317,1615237.2623676,1464,19.5,0.544035971780203
"result.1172",3,9,4,135.479414336,101.609560752,117.334849916,1615231.98765937,1479,20.5,0.544003057555022
"result.1826",1,2,7,135.89891838,98.55732369,120.59498613,1615229.18781965,1481,21,0.54398558653081
"result.2417",0,7,9,133.664957894,100.399923124,120.358943986,1615211.19051387,1469,20.5,0.543873283186239
"result.2839",6,1,11,137.293870778,96.77101024,121.568581614,1615168.26874549,1489,20.5,0.543605450978325
"result.2089",8,2,8,138.503508406,97.375829054,119.754125172,1615111.18721847,1495,20.5,0.54324926175337
"result.3512",7,11,13,134.494445076,100.28094589,119.747247151,1615058.68445025,1473,19.5,0.542921644023165
"result.182",5,11,0,136.689051964,102.81919838,114.91557466,1615053.22070654,1485,20.5,0.542887550214847
"result.2979",2,10,11,133.22020223,100.96060169,120.07740201,1615040.06932634,1466,20,0.542805485488043
"result.2973",12,9,11,137.443884661,99.101170056,118.567471317,1614989.71642701,1489,19.5,0.542491282958378
"result.289",0,2,1,136.887259665,99.723297765,118.305278715,1614967.49041319,1486,21.5,0.542352592438927
"result.4060",11,13,15,135.08870712,100.15197252,119.36717655,1614966.33609911,1477,19,0.542345389509006
"result.1734",5,12,6,135.01240226,102.15540171,117.09040196,1614939.65016644,1476,20,0.542178869057121
"result.1076",3,3,4,137.12323296,99.16948098,118.75851426,1614930.51200188,1488,21,0.542121846830774
"result.1667",2,8,6,134.874595522,101.004741938,118.544487544,1614928.43783351,1475,20.5,0.542108904002151
"result.1239",6,13,4,135.60980227,102.75280172,115.89560194,1614922.59383355,1479,20,0.542072437391573
"result.2935",6,7,11,135.60980227,99.16840166,120.07740201,1614825.7991444,1479,20,0.541468437689581
"result.3934",13,5,15,138.033772578,96.741618388,120.927022985,1614812.37008151,1492,19.5,0.541384640220354
"result.633",8,7,2,138.503508406,100.399923124,116.125212288,1614807.19490015,1495,20.5,0.541352347043717
"result.2267",10,13,8,136.264108827,101.460721724,116.797807566,1614782.81235726,1483,19.5,0.541200199764016
"result.1901",12,6,7,139.19420233,98.57100165,117.68780197,1614736.89300921,1499,20,0.540913662632906
"result.2373",4,4,9,136.08423315,98.585466682,120.358943986,1614726.88251911,1482,20.5,0.540851197087673
"result.1772",11,14,6,136.853996744,102.050609641,115.618031732,1614725.33900455,1486,19.5,0.54084156554336
"result.721",0,13,2,133.664957894,104.028836008,116.125212288,1614722.23634831,1469,20.5,0.540822204941455
"result.1128",7,6,4,137.898689592,99.79510431,117.334849916,1614716.92643882,1492,20.5,0.540789071060065
"result.1195",10,10,4,137.99940231,100.96060169,115.89560194,1614715.78579726,1492,20,0.54078195344679
"result.2229",4,11,8,134.41500225,101.5580017,118.28520198,1614701.71432262,1473,20,0.540694147322712
"result.3685",4,6,14,134.41500225,98.57100165,121.86960204,1614701.71432262,1473,20,0.540694147322712
"result.1690",9,9,6,137.4020023,100.36320168,117.09040196,1614688.92207295,1489,20,0.540614323573549
"result.3589",4,0,14,136.08423315,96.166191426,123.383038056,1614677.10211764,1482,20.5,0.540540566949629
"result.370",1,7,1,135.89891838,101.61811014,116.92204239,1614668.99861304,1481,21,0.540490001010465
"result.744",7,14,2,136.20720228,103.35020173,114.70080192,1614647.98687402,1482,20,0.540358887576232
"result.138",9,8,0,139.10832722,101.004741938,114.91557466,1614632.85287189,1498,20.5,0.540264451271368
"result.3146",9,4,12,137.4020023,97.37620163,120.67480202,1614590.84815883,1489,20,0.540002341496643
"result.2762",9,12,10,135.67422091,100.870833807,117.9775834,1614590.68714963,1480,19.5,0.540001336797823
"result.3184",15,6,12,139.213548412,97.331506305,119.157359234,1614566.05571276,1499,19.5,0.539847636417543
"result.3123",2,3,12,134.874595522,97.980647868,122.173400428,1614533.73456141,1475,20.5,0.539645952152064
"result.1287",6,0,5,138.95970483,97.33300911,119.37067155,1614532.04818047,1497,21,0.539635429120356
"result.2815",14,15,10,136.83554385,101.31653034,116.455782,1614508.31955455,1486,19,0.53948736228832
"result.700",11,11,2,138.59680232,101.5580017,114.70080192,1614484.24607827,1495,20,0.53933714358696
"result.3612",11,1,14,138.59680232,95.5840016,121.86960204,1614484.24607827,1495,20,0.53933714358696
"result.226",1,14,0,134.269776708,104.633654822,114.91557466,1614464.70573803,1472,20.5,0.539215211693977
"result.865",0,6,3,135.28676109,101.00595285,118.14635697,1614442.58307376,1477,21,0.539077166076567
"result.1277",12,15,4,137.443884661,102.640497558,114.438255898,1614415.80394782,1489,19.5,0.538910064097828
"result.2185",8,8,8,136.80460229,99.76580167,118.28520198,1614406.21335529,1486,20,0.538850218717073
"result.3468",11,8,13,136.853996744,98.511282139,119.747247151,1614391.99355884,1486,19.5,0.538761487063555
"result.3310",13,14,12,136.25326494,100.73425143,117.62033982,1614382.75984665,1483,19,0.5387038686192
"result.2162",1,7,8,134.269776708,100.399923124,119.754125172,1614366.47241246,1472,20.5,0.538602234888238
"result.1623",6,5,6,137.293870778,99.190285496,118.544487544,1614364.70244263,1488,20.5,0.538591190261107
"result.3896",7,3,15,136.20720228,96.77880162,122.46700205,1614356.32358159,1482,20,0.538538906095342
"result.2806",5,15,10,133.314669242,102.640497558,117.9775834,1614344.37278088,1467,19.5,0.538464332995012
"result.2396",11,5,9,138.59680232,97.97360164,118.88260199,1614286.39261674,1495,20,0.53810253626659
"result.1571",2,2,6,136.51107567,98.55732369,119.98282884,1614268.92900767,1484,21,0.537993563194133
"result.4007",6,10,15,133.904557159,99.691057973,120.927022985,1614265.34692091,1470,19.5,0.53797121094161
"result.2584",7,1,10,137.898689592,96.77101024,120.9637628,1614212.48503725,1491,20.5,0.537641352327889
"result.2724",3,10,10,133.81760224,100.96060169,119.480002,1614211.34475202,1469,20,0.537634236938175
"result.2321",0,1,9,135.28676109,97.9451664,121.81930071,1614189.09860476,1477,21,0.537495420785828
"result.4016",15,10,15,137.41782276,98.40513579,119.36717655,1614156.91030916,1489,19,0.537294565541414
"result.3257",8,11,12,135.084332993,100.28094589,119.157359234,1614151.42652536,1476,19.5,0.53726034668281
"result.249",8,15,0,136.80460229,103.94760174,113.5060019,1614113.2708379,1485,20,0.537022254861266
"result.2223",14,10,8,138.623660495,99.691057973,116.797807566,1614091.90055292,1495,19.5,0.536888904097131
"result.1728",15,11,6,139.213548412,100.28094589,115.618031732,1614081.63745422,1499,19.5,0.536824862272013
"result.917",4,9,3,136.08423315,101.609560752,116.730031102,1614079.73729999,1482,20.5,0.536813005293106
"result.326",5,4,1,138.34754754,99.78163827,116.92204239,1614055.58913783,1494,21,0.536662320551249
"result.3805",12,13,14,135.67098603,100.15197252,118.78489764,1614015.55692731,1479,19,0.536412519209511
"result.422",5,10,1,136.689051964,102.214379566,115.520393474,1614003.18610484,1485,20.5,0.536335325169714
"result.205",12,12,0,139.19420233,102.15540171,113.5060019,1613991.74446606,1498,20,0.536263929244229
"result.1834",9,2,7,139.10832722,97.375829054,119.149306358,1613971.3266479,1498,20.5,0.536136521881367
"result.3301",4,14,12,132.724781325,102.050609641,119.157359234,1613944.11193167,1463,19.5,0.535966701815442
"result.3430",5,6,13,135.01240226,98.57100165,121.27220203,1613927.78321772,1476,20,0.53586481049842
"result.3334",5,0,13,136.689051964,96.166191426,122.778219242,1613903.18280944,1485,20.5,0.535711303736845
"result.1412",3,8,5,135.479414336,101.004741938,117.93966873,1613893.89046783,1478,20.5,0.535653319444411
"result.2680",7,7,10,136.20720228,99.16840166,119.480002,1613870.21809421,1482,20,0.535505603627191
"result.2718",13,9,10,138.033772578,99.101170056,117.9775834,1613851.74404338,1492,19.5,0.535390325389388
"result.1479",6,12,5,135.60980227,102.15540171,116.49300195,1613809.45490829,1479,20,0.535126440818673
"result.3679",14,5,14,138.623660495,96.741618388,120.337135068,1613802.48116963,1495,19.5,0.535082924628826
"result.3873",0,2,15,133.664957894,97.375829054,123.98785687,1613793.22343374,1468,20.5,0.535025156276367
"result.34",1,2,0,137.50665903,99.723297765,117.68587935,1613781.44904476,1489,21.5,0.534951683986742
"result.821",4,3,3,137.73539025,99.16948098,118.14635697,1613778.47670475,1490,21,0.534933136559204
"result.2118",5,4,8,136.689051964,98.585466682,119.754125172,1613753.17786634,1485,20.5,0.53477527158754
"result.2868",3,3,11,135.479414336,97.980647868,121.568581614,1613745.2130021,1478,20.5,0.534725570765453
"result.961",0,12,3,133.664957894,103.424017194,116.730031102,1613695.43260063,1468,20.5,0.53441494062741
"result.1974",5,11,7,135.01240226,101.5580017,117.68780197,1613686.86251564,1476,20,0.534361463222538
"result.984",7,13,3,136.20720228,102.75280172,115.29820193,1613675.77589926,1482,20,0.534292282639931
"result.2891",10,4,11,137.99940231,97.37620163,120.07740201,1613583.03208917,1492,20,0.533713560458508
"result.2012",11,13,7,136.853996744,101.460721724,116.207919649,1613582.44033355,1486,19.5,0.533709867898315
"result.466",1,13,1,134.269776708,104.028836008,115.520393474,1613580.60580791,1471,20.5,0.533698420442322
"result.3963",10,7,15,136.264108827,97.921394222,120.927022985,1613550.00894167,1482,19.5,0.533507495730945
"result.2657",0,6,10,133.664957894,99.79510431,120.9637628,1613548.74635096,1468,20.5,0.533499617153975
"result.3641",8,3,14,136.80460229,96.77880162,121.86960204,1613527.38580311,1485,20,0.533366327149654
"result.2507",10,12,9,136.264108827,100.870833807,117.387695483,1613502.59342568,1482,19.5,0.533211622498904
"result.3357",12,1,13,139.19420233,95.5840016,121.27220203,1613494.97877062,1498,20,0.533164106985111
"result.3219",2,9,12,133.22020223,100.36320168,120.67480202,1613471.09990458,1466,20,0.533015102653342
"result.3752",7,10,14,134.494445076,99.691057973,120.337135068,1613467.49362814,1473,19.5,0.532992599457002
"result.115",2,7,0,136.51107567,101.61811014,116.3098851,1613450.43798016,1484,21,0.532886172065308
"result.1907",2,7,7,134.874595522,100.399923124,119.149306358,1613448.30056311,1475,20.5,0.532872834564322
"result.873",8,6,3,138.503508406,99.79510431,116.730031102,1613439.22946773,1494,20.5,0.532816230850278
"result.1435",10,9,5,137.99940231,100.36320168,116.49300195,1613435.28160551,1492,20,0.532791596155688
"result.378",9,7,1,139.10832722,100.399923124,115.520393474,1613411.57368913,1498,20.5,0.532643658551365
"result.1517",12,14,5,137.443884661,102.050609641,115.028143815,1613411.45710925,1489,19.5,0.532642931091863
"result.2551",6,15,9,133.904557159,102.640497558,117.387695483,1613380.05202723,1469,19.5,0.532446963107004
"result.3213",12,8,12,137.443884661,98.511282139,119.157359234,1613363.63106931,1489,19.5,0.532344496186818
"result.940",11,10,3,138.59680232,100.96060169,115.29820193,1613346.58867448,1495,20,0.532238151494832
"result.610",1,6,2,135.89891838,101.00595285,117.53419968,1613344.91503379,1480,21,0.532227707962376
"result.2066",1,1,8,135.89891838,97.9451664,121.20714342,1613344.91503379,1480,21,0.532227707962376
"result.529",0,1,2,136.887259665,99.1038984,118.92467808,1613339.44605032,1486,21.5,0.532193581457977
"result.1032",7,0,4,139.57186212,97.33300911,118.75851426,1613328.3983987,1500,21,0.53212464401583
"result.2469",4,10,9,134.41500225,100.96060169,118.88260199,1613310.55717124,1472,20,0.53201331460136
"result.489",8,14,1,136.80460229,103.35020173,114.10340191,1613283.26703862,1485,20,0.531843023936482
"result.2560",15,15,9,137.41782276,101.31653034,115.87350309,1613271.67488426,1488,19,0.531770688792466
"result.1930",9,8,7,137.4020023,99.76580167,117.68780197,1613266.85031821,1488,20,0.531740583458391
"result.3055",14,14,11,136.83554385,100.73425143,117.03806091,1613255.68378938,1485,19,0.531670904221399
"result.1316",3,2,5,137.12323296,98.55732369,119.37067155,1613234.80413322,1487,21,0.531540614985404
"result.1368",7,5,5,137.898689592,99.190285496,117.93966873,1613203.6022341,1491,20.5,0.53134591486354
"result.3618",1,2,14,134.269776708,97.375829054,123.383038056,1613187.67250563,1471,20.5,0.531246513219366
"result.2329",8,1,9,138.503508406,96.77101024,120.358943986,1613185.9025358,1494,20.5,0.531235468592234
"result.1523",2,15,5,133.22020223,103.94760174,116.49300195,1613185.83273698,1465,20,0.531235033047032
"result.3002",9,11,11,135.67422091,100.28094589,118.567471317,1613174.37952933,1479,19.5,0.531163564931657
"result.2141",12,5,8,139.19420233,97.97360164,118.28520198,1613097.56621427,1498,20,0.530684249177816
"result.3046",5,14,11,133.314669242,102.050609641,118.567471317,1613091.86421579,1466,19.5,0.530648668657716
"result.3175",6,6,12,135.60980227,98.57100165,120.67480202,1613083.49473964,1479,20,0.530596443053737
"result.3079",6,0,12,137.293870778,96.166191426,122.173400428,1613058.90720049,1488,20.5,0.530443016595625
"result.445",12,11,1,139.19420233,101.5580017,114.10340191,1612998.21307519,1498,20,0.530064284725992
"result.3550",13,13,13,136.25326494,100.15197252,118.20261873,1612996.86495753,1482,19,0.530055872460054
"result.1022",13,15,3,138.033772578,102.640497558,113.848367981,1612987.18060908,1492,19.5,0.52999544204152
"result.1105",0,5,4,135.28676109,100.39379556,118.75851426,1612972.37315355,1477,21,0.529903043390287
"result.2613",4,3,10,136.08423315,97.980647868,120.9637628,1612885.00766468,1481,20.5,0.529357881980061
"result.662",5,9,2,136.689051964,101.609560752,116.125212288,1612853.14820774,1484,20.5,0.529159078691713
"result.2425",8,7,9,136.80460229,99.16840166,118.88260199,1612843.85326253,1485,20,0.529101078152771
"result.1157",4,8,4,136.08423315,101.004741938,117.334849916,1612785.44686174,1481,20.5,0.528736621703973
"result.3925",4,5,15,134.41500225,97.97360164,122.46700205,1612782.87687245,1472,20,0.528720584948434
"result.1968",15,10,7,139.213548412,99.691057973,116.207919649,1612773.70815616,1498,19.5,0.528663372079084
"result.2402",1,6,9,134.269776708,99.79510431,120.358943986,1612745.62254056,1471,20.5,0.528488117593538
"result.3424",15,5,13,139.213548412,96.741618388,119.747247151,1612725.26633031,1498,19.5,0.528361094664531
"result.71",6,4,0,138.95970483,99.78163827,116.3098851,1612709.48337846,1497,21,0.528262608907766
"result.1863",6,4,7,137.293870778,98.585466682,119.149306358,1612707.34694299,1488,20.5,0.528249277531842
"result.2964",3,9,11,133.81760224,100.36320168,120.07740201,1612683.09732504,1469,20,0.528097959704971
"result.167",6,10,0,137.293870778,102.214379566,114.91557466,1612657.12404906,1487,20.5,0.527935886237016
"result.2463",14,9,9,138.623660495,99.101170056,117.387695483,1612644.80363651,1495,19.5,0.527859006755612
"result.3708",11,7,14,136.853996744,97.921394222,120.337135068,1612630.02477439,1485,19.5,0.527766786527443
"result.3386",9,3,13,137.4020023,96.77880162,121.27220203,1612629.36987643,1488,20,0.527762699958492
"result.4089",8,15,15,133.34187039,101.31653034,119.36717655,1612619.00130827,1466,19,0.527698000002987
"result.1224",7,12,4,136.20720228,102.15540171,115.89560194,1612606.34382703,1482,20,0.527619017210001
"result.3497",8,10,13,135.084332993,99.691057973,119.747247151,1612600.26178817,1475,19.5,0.527581065234603
"result.1719",6,11,6,135.60980227,101.5580017,117.09040196,1612599.52129387,1478,20,0.527576444543781
"result.706",1,12,2,134.269776708,103.424017194,116.125212288,1612598.27255221,1471,20.5,0.527568652384929
"result.1201",0,11,4,133.664957894,102.81919838,117.334849916,1612570.83801984,1468,20.5,0.527397460664408
"result.566",5,3,2,138.34754754,99.16948098,117.53419968,1612552.11654974,1493,21,0.527280638528178
"result.3363",2,2,13,134.874595522,97.375829054,122.778219242,1612510.88029185,1474,20.5,0.527023323920364
"result.2636",11,4,10,138.59680232,97.37620163,119.480002,1612505.71146298,1494,20,0.52699107038326
"result.4045",12,12,15,135.67098603,99.56969361,119.36717655,1612497.58743978,1479,19,0.526940376407849
"result.1652",3,7,6,135.479414336,100.399923124,118.544487544,1612456.6749658,1478,20.5,0.526685082214495
"result.1811",2,1,7,136.51107567,97.9451664,120.59498613,1612427.32419577,1483,21,0.526501933154276
"result.211",2,13,0,134.874595522,104.028836008,114.91557466,1612362.86656481,1474,20.5,0.526099716976581
"result.729",8,13,2,136.80460229,102.75280172,114.70080192,1612355.61573354,1485,20,0.526054471726429
"result.2252",11,12,8,136.853996744,100.870833807,116.797807566,1612344.30010664,1485,19.5,0.525983862116182
"result.2296",7,15,8,134.494445076,102.640497558,116.797807566,1612344.30010664,1472,19.5,0.525983862116182
"result.2214",5,10,8,135.01240226,100.96060169,118.28520198,1612337.70658401,1475,20,0.525942718477602
"result.1757",12,13,6,137.443884661,101.460721724,115.618031732,1612311.45819081,1488,19.5,0.525778928275807
"result.2958",13,8,11,138.033772578,98.511282139,118.567471317,1612266.71108049,1491,19.5,0.525499705918296
"result.3852",11,0,15,138.59680232,94.98660159,122.46700205,1612258.39463606,1494,20,0.525447811232798
"result.274",1,1,1,137.50665903,99.1038984,118.305278715,1612198.79316142,1488,21.5,0.525075897512777
"result.355",2,6,1,136.51107567,101.00595285,116.92204239,1612171.54574967,1483,21,0.524905873426518
"result.2920",7,6,11,136.20720228,98.57100165,120.07740201,1612168.84888839,1481,20,0.524889044988665
"result.2791",6,14,10,133.904557159,102.050609641,117.9775834,1612168.59585693,1469,19.5,0.524887466070177
"result.2561",0,0,10,135.28676109,97.33300911,122.431458,1612161.22285274,1476,21,0.524841458459927
"result.2824",7,0,11,137.898689592,96.166191426,121.568581614,1612144.27529079,1491,20.5,0.524735705525972
"result.1763",2,14,6,133.22020223,103.35020173,117.09040196,1612139.85312248,1465,20,0.524708111157231
"result.2747",10,11,10,136.264108827,100.28094589,117.9775834,1612127.54346214,1482,19.5,0.524631298769708
"result.1061",4,2,4,137.73539025,98.55732369,118.75851426,1612126.81319632,1490,21,0.524626741904623
"result.1180",11,9,4,138.59680232,100.36320168,115.89560194,1612110.00453992,1494,20,0.524521855742521
"result.1268",3,15,4,133.81760224,103.94760174,115.89560194,1612110.00453992,1468,20,0.524521855742521
"result.618",9,6,2,139.10832722,99.79510431,116.125212288,1612088.52124114,1497,20.5,0.524387799771364
"result.2074",9,1,8,139.10832722,96.77101024,119.754125172,1612088.52124114,1497,20.5,0.524387799771364
"result.2800",15,14,10,137.41782276,100.73425143,116.455782,1612060.30009228,1488,19,0.524211699557064
"result.1675",10,8,6,137.99940231,99.76580167,117.09040196,1612056.27709131,1491,20,0.524186595996041
"result.3670",5,5,14,135.01240226,97.97360164,121.86960204,1612048.60174151,1475,20,0.524138701746544
"result.1262",13,14,4,138.033772578,102.050609641,114.438255898,1612026.55457095,1491,19.5,0.524001127210555
"result.1113",8,5,4,138.503508406,99.190285496,117.334849916,1611969.93326253,1494,20.5,0.523647809753624
"result.2358",5,3,9,136.689051964,97.980647868,120.358943986,1611953.11854914,1484,20.5,0.523542885795885
"result.123",10,7,0,139.713146034,100.399923124,114.91557466,1611942.49873016,1500,20.5,0.523476618033102
"result.850",1,5,3,135.89891838,100.39379556,118.14635697,1611918.97887151,1480,21,0.523329853910588
"result.3295",14,13,12,136.83554385,100.15197252,117.62033982,1611910.26018975,1485,19,0.523275449260633
"result.685",12,10,2,139.19420233,100.96060169,114.70080192,1611905.32854523,1497,20,0.523244675755932
"result.2147",2,6,8,134.874595522,99.79510431,119.754125172,1611869.48747467,1474,20.5,0.523021027163972
"result.234",9,14,0,137.4020023,103.35020173,113.5060019,1611844.77856347,1488,20,0.522866843343231
"result.3919",14,4,15,138.623660495,96.151730471,120.927022985,1611824.78205055,1494,19.5,0.522742064928752
"result.2709",4,9,10,134.41500225,100.36320168,119.480002,1611823.45814736,1471,20,0.522733803761296
"result.3459",2,8,13,133.22020223,99.76580167,121.27220203,1611807.04142695,1465,20,0.522631363283205
"result.2897",0,5,11,133.664957894,99.190285496,121.568581614,1611788.51135494,1467,20.5,0.522515735472754
"result.3992",7,9,15,134.494445076,99.101170056,120.927022985,1611782.70334589,1472,19.5,0.522479493445771
"result.3108",3,2,12,135.479414336,97.375829054,122.173400428,1611762.84679241,1477,20.5,0.522355588379363
"result.3834",9,15,14,133.9241493,101.31653034,118.78489764,1611760.22028723,1469,19,0.5223391989642
"result.2170",9,7,8,137.4020023,99.16840166,118.28520198,1611746.70464935,1488,20,0.522254861266324
"result.3286",5,13,12,133.314669242,101.460721724,119.157359234,1611746.57723848,1465,19.5,0.52225406622136
"result.3242",9,10,12,135.67422091,99.691057973,119.157359234,1611663.651401,1478,19.5,0.521736608274413
"result.3131",10,3,12,137.99940231,96.77880162,120.67480202,1611662.27580154,1491,20,0.521728024521856
"result.3453",12,7,13,137.443884661,97.921394222,119.747247151,1611641.89363176,1488,19.5,0.521600839605164
"result.769",0,0,3,136.887259665,98.484499035,119.544077445,1611606.36656726,1485,21.5,0.52137915041374
"result.902",5,8,3,136.689051964,101.004741938,116.730031102,1611603.10701524,1484,20.5,0.521358810780841
"result.1608",7,4,6,137.898689592,98.585466682,118.544487544,1611589.38974906,1490,20.5,0.52127321492058
"result.407",6,9,1,137.293870778,101.609560752,115.520393474,1611552.22038263,1487,20.5,0.52104127775084
"result.3790",13,12,14,136.25326494,99.56969361,118.78489764,1611518.57707579,1481,19,0.52083134322363
"result.946",1,11,3,134.269776708,102.81919838,116.730031102,1611517.70597094,1470,20.5,0.520825907521796
"result.767",14,15,2,138.623660495,102.640497558,113.258480064,1611487.12610339,1494,19.5,0.520635088882397
"result.190",13,11,0,139.79160234,101.5580017,113.5060019,1611439.69065732,1500,20,0.52033909128644
"result.1464",7,11,5,136.20720228,101.5580017,116.49300195,1611439.69065732,1481,20,0.52033909128644
"result.1556",3,1,6,137.12323296,97.9451664,119.98282884,1611436.32609071,1486,21,0.520318096361527
"result.3881",8,2,15,136.80460229,96.18140161,122.46700205,1611427.96442846,1484,20,0.520265919516374
"result.451",2,12,1,134.874595522,103.424017194,115.520393474,1611425.44629355,1474,20.5,0.520250206332622
"result.1345",0,4,5,135.28676109,99.78163827,119.37067155,1611400.76944574,1476,21,0.520096222587713
"result.1397",4,7,5,136.08423315,100.399923124,117.93966873,1611391.59562055,1480,20.5,0.520038977838753
"result.2208",15,9,8,139.213548412,99.101170056,116.797807566,1611368.8952064,1497,19.5,0.519897327057049
"result.2381",12,4,9,139.19420233,97.37620163,118.88260199,1611358.88628025,1497,20,0.519834871270901
"result.2306",1,0,9,135.89891838,97.33300911,121.81930071,1611358.7896649,1479,21,0.519834268390242
"result.1441",0,10,5,133.664957894,102.214379566,117.93966873,1611348.45260594,1467,20.5,0.519769765052448
"result.969",8,12,3,136.80460229,102.15540171,115.29820193,1611330.31692266,1484,20,0.519656598231106
"result.3597",12,0,14,139.19420233,94.98660159,121.86960204,1611309.20971071,1497,20,0.51952488904499
"result.1959",6,10,7,135.60980227,100.96060169,117.68780197,1611292.7929903,1478,20,0.519422448566898
"result.311",6,3,1,138.95970483,99.16948098,116.92204239,1611251.43153685,1496,21,0.519164352737695
"result.3415",6,5,13,135.60980227,97.97360164,121.27220203,1611244.39564573,1478,20,0.519120448715902
"result.2041",8,15,7,135.084332993,102.640497558,116.207919649,1611237.11701911,1475,19.5,0.519075030022544
"result.2665",8,6,10,136.80460229,98.57100165,119.480002,1611183.84566397,1484,20,0.518742616303202
"result.2536",7,14,9,134.494445076,102.050609641,117.387695483,1611174.30685508,1472,19.5,0.518683094052827
"result.2569",8,0,10,138.503508406,96.166191426,120.9637628,1611159.28708035,1493,20.5,0.518589370527882
"result.1997",12,12,7,137.443884661,100.870833807,116.207919649,1611115.80719251,1488,19.5,0.518318055649659
"result.1508",3,14,5,133.81760224,103.35020173,116.49300195,1611107.09216596,1468,20,0.518263673808232
"result.2703",14,8,10,138.623660495,98.511282139,117.9775834,1611101.23359235,1494,19.5,0.518227116257993
"result.3204",3,8,12,133.81760224,99.76580167,120.67480202,1611059.33443387,1468,20,0.517965665144694
"result.2642",1,5,10,134.269776708,99.190285496,120.9637628,1611026.53934309,1470,20.5,0.517761023493099
"result.3858",1,1,15,134.269776708,96.77101024,123.98785687,1611026.53934309,1470,20.5,0.517761023493099
"result.2492",11,11,9,136.853996744,100.28094589,117.387695483,1611010.91832381,1484,19.5,0.517663548196961
"result.2003",2,13,7,133.22020223,102.75280172,117.68780197,1610998.78445211,1464,20,0.517587832731995
"result.19",2,1,0,138.126058395,99.1038984,117.68587935,1610982.0967466,1491,21.5,0.517483701304564
"result.1502",13,13,5,138.033772578,101.460721724,115.028143815,1610969.86592902,1491,19.5,0.517407380896493
"result.474",9,13,1,137.4020023,102.75280172,114.10340191,1610962.11333639,1487,20,0.517359004651063
"result.1013",4,15,3,134.41500225,103.94760174,115.29820193,1610959.98129478,1471,20,0.51734570069287
"result.3737",8,9,14,135.084332993,99.101170056,120.337135068,1610955.0870669,1475,19.5,0.517315160668325
"result.2103",6,3,8,137.293870778,97.980647868,119.754125172,1610949.54565548,1487,20.5,0.517280582212926
"result.806",5,2,3,138.34754754,98.55732369,118.14635697,1610944.95619695,1492,21,0.51725194395179
"result.2853",4,2,11,136.08423315,97.375829054,121.568581614,1610943.57200731,1480,20.5,0.517243306596361
"result.100",3,6,0,137.12323296,101.00595285,116.3098851,1610922.47522142,1486,21,0.517111662468991
"result.1819",10,1,7,139.713146034,96.77101024,119.149306358,1610920.34115329,1500,20.5,0.517098345865274
"result.1892",3,6,7,135.479414336,99.79510431,119.149306358,1610920.34115329,1477,20.5,0.517098345865274
"result.2454",5,9,9,135.01240226,100.36320168,118.88260199,1610892.18237154,1474,20,0.516922634822312
"result.3031",6,13,11,133.904557159,101.460721724,118.567471317,1610863.95075046,1468,19.5,0.516746469261284
"result.3579",10,15,13,134.50642821,101.31653034,118.20261873,1610832.73678451,1471,19,0.516551693842309
"result.595",2,5,2,136.51107567,100.39379556,117.53419968,1610790.34214075,1482,21,0.516287150896624
"result.3664",15,4,14,139.213548412,96.151730471,120.337135068,1610787.59329615,1497,19.5,0.516269998082413
"result.1420",11,8,5,138.59680232,99.76580167,116.49300195,1610774.4936746,1494,20,0.516188256330023
"result.3948",11,6,15,136.853996744,97.331506305,120.927022985,1610772.81443402,1484,19.5,0.516177777854244
"result.3040",15,13,11,137.41782276,100.15197252,117.03806091,1610755.742624,1487,19,0.516071249611247
"result.925",12,9,3,139.19420233,100.36320168,115.29820193,1610713.09087619,1497,20,0.515805102334047
"result.363",10,6,1,139.713146034,99.79510431,115.520393474,1610664.80175907,1500,20.5,0.515503777823317
"result.858",9,5,3,139.10832722,99.190285496,116.730031102,1610663.69552793,1496,20.5,0.515496874931361
"result.2987",10,10,11,136.264108827,99.691057973,118.567471317,1610657.66246663,1481,19.5,0.515459228576429
"result.2876",11,3,11,138.59680232,96.77880162,120.07740201,1610626.10357845,1494,20,0.515262300839746
"result.3198",13,7,12,138.033772578,97.921394222,119.157359234,1610585.61551377,1491,19.5,0.515009654964107
"result.1915",10,7,7,137.99940231,99.16840166,117.68780197,1610578.77225468,1490,20,0.514966952967846
"result.1007",14,14,3,138.623660495,102.050609641,113.848367981,1610570.63138967,1494,19.5,0.514916153899436
"result.3626",9,2,14,137.4020023,96.18140161,121.86960204,1610569.81767991,1487,20,0.514911076343435
"result.514",1,0,2,137.50665903,98.484499035,118.92467808,1610510.62688586,1488,21.5,0.514541725273883
"result.2051",2,0,8,136.51107567,97.33300911,121.20714342,1610483.40800543,1482,21,0.514371879223315
"result.3535",14,12,13,136.83554385,99.56969361,118.20261873,1610472.04875567,1484,19,0.514300997406019
"result.1353",8,4,5,138.503508406,98.585466682,117.93966873,1610399.30628456,1493,20.5,0.513847083753751
"result.430",13,10,1,139.79160234,100.96060169,114.10340191,1610392.00540953,1500,20,0.513801526230084
"result.1090",1,4,4,135.89891838,99.78163827,118.75851426,1610391.19012621,1479,21,0.513796438855101
"result.691",2,11,2,134.874595522,102.81919838,116.125212288,1610389.35020426,1473,20.5,0.513784957726142
"result.3603",2,1,14,134.874595522,96.77101024,123.383038056,1610389.35020426,1473,20.5,0.513784957726142
"result.1301",4,1,5,137.73539025,97.9451664,119.37067155,1610371.92071861,1489,21,0.513676197584131
"result.3160",7,5,12,136.20720228,97.97360164,120.67480202,1610370.25858509,1481,20,0.513665825856509
"result.4074",9,14,15,133.9241493,100.73425143,119.36717655,1610352.60909642,1468,19,0.513555692893727
"result.647",6,8,2,137.293870778,101.004741938,116.125212288,1610346.87092834,1486,20.5,0.513519886675012
"result.1186",1,10,4,134.269776708,102.214379566,117.334849916,1610338.9060641,1470,20.5,0.513470185852925
"result.3526",5,12,13,133.314669242,100.870833807,119.747247151,1610308.51184893,1465,19.5,0.513280525685944
"result.3342",13,0,13,139.79160234,94.98660159,121.27220203,1610292.22586212,1500,20,0.513178900986621
"result.1142",5,7,4,136.689051964,100.399923124,117.334849916,1610253.06252735,1483,20.5,0.512934521437099
"result.2949",4,8,11,134.41500225,99.76580167,120.07740201,1610240.41725096,1471,20,0.512855614802517
"result.1209",8,11,4,136.80460229,101.5580017,115.89560194,1610207.37060599,1484,20,0.512649403450515
"result.2387",2,5,9,134.874595522,99.190285496,120.358943986,1610191.99856821,1473,20.5,0.512553481801098
"result.152",7,9,0,137.898689592,101.609560752,114.91557466,1610176.95382465,1490,20.5,0.51245960247049
"result.196",3,12,0,135.479414336,103.424017194,114.91557466,1610176.95382465,1476,20.5,0.51245960247049
"result.1704",7,10,6,136.20720228,100.96060169,117.09040196,1610175.81639014,1480,20,0.512452504869248
"result.2126",13,4,8,139.79160234,97.37620163,118.28520198,1610142.556541,1500,20,0.512244963121428
"result.2410",9,6,9,137.4020023,98.57100165,118.88260199,1610128.48506637,1487,20,0.512157156997351
"result.2281",8,14,8,135.084332993,102.050609641,116.797807566,1610108.99721024,1474,19.5,0.512035552605667
"result.2314",9,0,9,139.10832722,96.166191426,120.358943986,1610103.94256916,1496,20.5,0.512004011601359
"result.3910",5,4,15,135.01240226,97.37620163,122.46700205,1610073.05198448,1474,20,0.511811254084315
"result.1786",9,15,6,135.67422091,102.640497558,115.618031732,1610058.50276465,1477,19.5,0.511720466826091
"result.3482",9,9,13,135.67422091,99.101170056,119.747247151,1610058.50276465,1477,19.5,0.511720466826091
"result.2598",5,2,10,136.689051964,97.375829054,120.9637628,1610053.05593655,1483,20.5,0.511686478571359
"result.3699",2,7,14,133.22020223,99.16840166,121.86960204,1610047.89389346,1464,20,0.51165426737763
"result.1681",0,9,6,133.664957894,101.609560752,118.544487544,1610028.27635893,1466,20.5,0.511531853791532
"result.1748",3,13,6,133.81760224,102.75280172,117.09040196,1610008.66432781,1467,20,0.511409474546868
"result.1253",4,14,4,134.41500225,103.35020173,115.89560194,1610000.56256969,1471,20,0.511358919505731
"result.714",9,12,2,137.4020023,102.15540171,114.70080192,1609981.37419519,1487,20,0.511239183881989
"result.4030",13,11,15,136.25326494,98.9874147,119.36717655,1609947.89620145,1481,19,0.511030280909932
"result.3137",0,4,12,133.664957894,98.585466682,122.173400428,1609930.48552581,1466,20.5,0.510921638142576
"result.512",15,15,1,139.213548412,102.640497558,112.668592147,1609915.64043078,1497,19.5,0.51082900462046
"result.2776",7,13,10,134.494445076,101.460721724,117.9775834,1609910.7141434,1471,19.5,0.510798264544404
"result.1637",4,6,6,136.08423315,99.79510431,118.544487544,1609898.18357641,1480,20.5,0.510720073697446
"result.2199",6,9,8,135.60980227,100.36320168,118.28520198,1609889.26999758,1477,20,0.510664452888023
"result.56",7,3,0,139.57186212,99.16948098,116.3098851,1609876.42166608,1498,21,0.510584279187758
"result.1848",7,3,7,137.898689592,97.980647868,119.149306358,1609874.28898371,1489,20.5,0.510570971231185
"result.2448",15,8,9,139.213548412,98.511282139,117.387695483,1609867.19860492,1497,19.5,0.510526727205908
"result.3324",11,15,12,135.08870712,101.31653034,117.62033982,1609836.5508001,1474,19,0.510335484637317
"result.2237",12,11,8,137.443884661,100.28094589,116.797807566,1609824.50411434,1487,19.5,0.51026031321342
"result.3693",12,6,14,137.443884661,97.331506305,120.337135068,1609824.50411434,1487,19.5,0.51026031321342
"result.1742",13,12,6,138.033772578,100.870833807,115.618031732,1609817.11468328,1490,19.5,0.510214203099335
"result.2243",2,12,8,133.22020223,102.15540171,118.28520198,1609762.62672587,1464,20,0.509874197771321
"result.758",5,15,2,135.01240226,103.94760174,114.70080192,1609735.76300157,1474,20,0.509706567898081
"result.1585",0,3,6,135.28676109,99.16948098,119.98282884,1609727.77195033,1475,21,0.509656703668845
"result.551",6,2,2,138.95970483,98.55732369,117.53419968,1609689.23313513,1495,21,0.509416221126904
"result.3348",3,1,13,135.479414336,96.77101024,122.778219242,1609681.36227223,1476,20.5,0.509367106873967
"result.3371",10,2,13,137.99940231,96.18140161,121.27220203,1609643.01919148,1490,20,0.509127845716658
"result.340",3,5,1,137.12323296,100.39379556,116.92204239,1609586.46296127,1485,21,0.508774934348398
"result.2732",11,10,10,136.853996744,99.691057973,117.9775834,1609582.29498507,1484,19.5,0.508748926140655
"result.1247",14,13,4,138.623660495,101.460721724,114.438255898,1609557.66354819,1493,19.5,0.508595225760374
"result.1796",3,0,7,137.12323296,97.33300911,120.59498613,1609535.07787434,1485,21,0.508454290959144
"result.2621",12,3,10,139.19420233,96.77880162,119.480002,1609520.85320715,1496,20,0.508365528912161
"result.219",10,13,0,137.99940231,102.75280172,113.5060019,1609495.26870781,1490,20,0.508205881413838
"result.3271",6,12,12,133.904557159,100.870833807,119.157359234,1609466.11670781,1468,19.5,0.508023972680329
"result.3819",10,14,14,134.50642821,100.73425143,118.78489764,1609464.60977857,1471,19,0.508014569428793
"result.2943",14,7,11,138.623660495,97.921394222,118.567471317,1609461.19042043,1493,19.5,0.507993232604273
"result.2905",8,5,11,136.80460229,97.97360164,120.07740201,1609426.19055961,1483,20,0.507774833168365
"result.1165",12,8,4,139.19420233,99.76580167,115.89560194,1609421.50006806,1496,20,0.507745564460338
"result.3280",15,12,12,137.41782276,99.56969361,117.62033982,1609358.00247941,1487,19,0.507349338955013
"result.2694",5,8,10,135.01240226,99.76580167,119.480002,1609350.28987824,1474,20,0.507301212256671
"result.1660",11,7,6,138.59680232,99.16840166,117.09040196,1609340.05607851,1493,20,0.507237353257341
"result.3444",3,7,13,133.81760224,99.16840166,121.27220203,1609340.05607851,1467,20,0.507237353257341
"result.259",2,0,1,138.126058395,98.484499035,118.305278715,1609339.31895058,1490,21.5,0.507232753572656
"result.3655",6,4,14,135.60980227,97.37620163,121.86960204,1609308.50186266,1477,20,0.507040454676075
"result.835",2,4,3,136.51107567,99.78163827,118.14635697,1609306.82715339,1482,21,0.507030004475629
"result.603",10,5,2,139.713146034,99.190285496,116.125212288,1609284.88903029,1499,20.5,0.506893110396749
"result.2132",3,5,8,135.479414336,99.190285496,119.754125172,1609284.88903029,1476,20.5,0.506893110396749
"result.931",2,10,3,134.874595522,102.214379566,116.730031102,1609254.57829695,1473,20.5,0.50670397115714
"result.670",13,9,2,139.79160234,100.36320168,114.70080192,1609244.54061432,1499,20,0.506641335930266
"result.1046",5,1,4,138.34754754,97.9451664,118.75851426,1609234.10807947,1492,21,0.506576236822087
"result.3977",8,8,15,135.084332993,98.511282139,120.927022985,1609215.90236155,1474,19.5,0.506462632983973
"result.2882",1,4,11,134.269776708,98.585466682,121.568581614,1609209.22282005,1469,20.5,0.506420952586922
"result.436",3,11,1,135.479414336,102.81919838,115.520393474,1609185.7707198,1476,20.5,0.506274611277444
"result.1098",9,4,4,139.10832722,98.585466682,117.334849916,1609137.09654948,1496,20.5,0.505970884031357
"result.3227",10,9,12,136.264108827,99.101170056,119.157359234,1609092.95043915,1480,19.5,0.50569541191907
"result.2343",6,2,9,137.293870778,97.375829054,120.358943986,1609091.29858012,1486,20.5,0.505685104304357
"result.1426",1,9,5,134.269776708,101.609560752,117.93966873,1609061.8728317,1469,20.5,0.505501487378314
"result.752",15,14,2,139.213548412,102.050609641,113.258480064,1609043.6875654,1496,19.5,0.505388011158507
"result.887",6,7,3,137.293870778,100.399923124,116.730031102,1609041.0756862,1486,20.5,0.505371713009531
"result.392",7,8,1,137.898689592,101.004741938,115.520393474,1609016.73860103,1489,20.5,0.505219849386487
"result.2155",10,6,8,137.99940231,98.57100165,118.28520198,1609002.7670956,1490,20,0.505132667071108
"result.1449",8,10,5,136.80460229,100.96060169,116.49300195,1608986.77678352,1483,20,0.505032887384655
"result.2059",10,0,8,139.713146034,96.166191426,119.754125172,1608978.24175723,1499,20.5,0.5049796287464
"result.2026",9,14,7,135.67422091,102.050609641,116.207919649,1608972.66692242,1477,19.5,0.504944841728696
"result.1493",4,13,5,134.41500225,102.75280172,116.49300195,1608945.2019721,1470,20,0.504773460199878
"result.3775",14,11,14,136.83554385,98.9874147,118.78489764,1608941.04948713,1483,19,0.504747548657561
"result.3093",4,1,12,136.08423315,96.77101024,122.173400428,1608902.57554699,1479,20.5,0.504507470936574
"result.954",9,11,3,137.4020023,101.5580017,115.29820193,1608902.56113987,1486,20,0.504507381036006
"result.2521",8,13,9,135.084332993,101.460721724,117.387695483,1608886.8674173,1474,19.5,0.504409452070718
"result.998",5,14,3,135.01240226,103.35020173,115.29820193,1608820.26433367,1473,20,0.503993848249731
"result.1944",7,9,7,136.20720228,100.36320168,117.68780197,1608814.72102548,1480,20,0.503959257958428
"result.1988",3,12,7,133.81760224,102.15540171,117.68780197,1608814.72102548,1467,20,0.503959257958428
"result.1531",10,15,5,136.264108827,102.640497558,115.028143815,1608808.45734325,1480,19.5,0.503920172526822
"result.3438",13,6,13,138.033772578,97.331506305,119.747247151,1608808.45734325,1490,19.5,0.503920172526822
"result.1382",5,6,5,136.689051964,99.79510431,117.93966873,1608803.01474405,1482,20.5,0.503886210660486
"result.3766",5,11,14,133.314669242,100.28094589,120.337135068,1608777.66804716,1464,19.5,0.50372804705147
"result.3069",12,15,11,135.67098603,101.31653034,117.03806091,1608771.66233401,1477,19,0.50369057134922
"result.1330",1,3,5,135.89891838,99.16948098,119.37067155,1608761.54879789,1478,21,0.503627462795916
"result.3904",15,3,15,139.213548412,95.561842554,120.927022985,1608753.03661028,1496,19.5,0.503574346671189
"result.1593",8,3,6,138.503508406,97.980647868,118.544487544,1608727.34853381,1492,20.5,0.503414052850661
"result.3116",11,2,12,138.59680232,96.18140161,120.67480202,1608647.56896316,1493,20,0.502916227636046
"result.129",0,8,0,135.28676109,102.23026743,116.3098851,1608612.44028672,1475,21,0.502697024389598
"result.1921",0,8,7,133.664957894,101.004741938,119.149306358,1608610.3092788,1466,20.5,0.50268372688166
"result.1982",13,11,7,138.033772578,100.28094589,116.207919649,1608568.30083372,1490,19.5,0.50242159381908
"result.3189",4,7,12,134.41500225,99.16840166,120.67480202,1608561.43448206,1470,20,0.502378747725024
"result.459",10,12,1,137.99940231,102.15540171,114.10340191,1608559.51564461,1489,20,0.502366774162649
"result.3016",7,12,11,134.494445076,100.870833807,118.567471317,1608553.52197159,1470,19.5,0.502329373590913
"result.1541",4,0,6,137.73539025,97.33300911,119.98282884,1608513.79927163,1488,21,0.502081503597729
"result.3564",11,14,13,135.08870712,100.73425143,118.20261873,1608508.30282089,1474,19,0.502047205697325
"result.3400",7,4,13,136.20720228,97.37620163,121.27220203,1608474.44718432,1480,20,0.501835946230722
"result.1487",14,12,5,138.623660495,100.870833807,115.028143815,1608448.22257895,1493,19.5,0.50167230446521
"result.2477",12,10,9,137.443884661,99.691057973,117.387695483,1608437.54895631,1486,19.5,0.501605700967089
"result.503",6,15,1,135.60980227,103.94760174,114.10340191,1608437.34966028,1476,20,0.501604457358153
"result.2627",2,4,10,134.874595522,98.585466682,120.9637628,1608415.83384372,1472,20.5,0.501470198475704
"result.2650",9,5,10,137.4020023,97.97360164,119.480002,1608412.19156927,1486,20,0.501447470651469
"result.3866",9,1,15,137.4020023,95.5840016,122.46700205,1608412.19156927,1486,20,0.501447470651469
"result.2439",6,8,9,135.60980227,99.76580167,118.88260199,1608388.95231571,1476,20,0.501302457507157
"result.296",7,2,1,139.57186212,98.55732369,116.92204239,1608359.64401084,1498,21,0.501119573429967
"result.3722",9,8,14,135.67422091,98.511282139,120.337135068,1608358.93362028,1477,19.5,0.50111514058669
"result.2366",13,3,9,139.79160234,96.77880162,118.88260199,1608346.52468764,1499,20,0.501037708739104
"result.85",4,5,0,137.73539025,100.39379556,116.3098851,1608307.34133308,1488,21,0.500793204265906
"result.1877",4,5,7,136.08423315,99.190285496,119.149306358,1608305.21072934,1479,20.5,0.500779909280052
"result.2688",15,7,10,139.213548412,97.921394222,117.9775834,1608268.61835174,1496,19.5,0.50055157252566
"result.3843",2,0,15,134.874595522,96.166191426,123.98785687,1608169.14429865,1472,20.5,0.499930853569398
"result.580",3,4,2,137.12323296,99.78163827,117.53419968,1608147.68052726,1484,21,0.499796919449296
"result.676",3,10,2,135.479414336,102.214379566,116.125212288,1608095.46930447,1476,20.5,0.499471120965094
"result.4",3,0,0,138.74545776,98.484499035,117.68587935,1608092.44276141,1493,21.5,0.49945223531006
"result.992",15,13,3,139.213548412,101.460721724,113.848367981,1608074.85104833,1496,19.5,0.499342462867449
"result.2972",11,9,11,136.853996744,99.101170056,118.567471317,1608058.43009041,1483,19.5,0.499239995947261
"result.2088",7,2,8,137.898689592,97.375829054,119.754125172,1608058.29993804,1489,20.5,0.499239183795354
"result.2838",5,1,11,136.689051964,96.77101024,121.568581614,1608052.99002855,1482,20.5,0.499206049913964
"result.1405",12,7,5,139.19420233,99.16840166,116.49300195,1608030.55612084,1496,20,0.499066062134806
"result.791",6,1,3,138.95970483,97.9451664,118.14635697,1608022.88817329,1494,21,0.499018214075394
"result.1171",2,9,4,134.874595522,101.609560752,117.334849916,1608021.13057161,1472,20.5,0.499007246625616
"result.4059",10,13,15,134.50642821,100.15197252,119.36717655,1608005.27430558,1470,19,0.498908303387709
"result.910",13,8,3,139.79160234,99.76580167,115.29820193,1607997.29627171,1499,20,0.498858520386986
"result.3511",6,11,13,133.904557159,100.28094589,119.747247151,1607975.09372898,1467,19.5,0.49871997632731
"result.3377",0,3,13,133.664957894,97.980647868,122.778219242,1607974.66886357,1466,20.5,0.498717325163442
"result.1825",0,2,7,135.28676109,98.55732369,120.59498613,1607953.38066731,1474,21,0.498584486633681
"result.3933",12,5,15,137.443884661,96.741618388,120.927022985,1607911.46251705,1486,19.5,0.498322917011583
"result.181",4,11,0,136.08423315,102.81919838,114.91557466,1607906.96751757,1479,20.5,0.498294868175703
"result.3520",15,11,13,137.41782276,98.9874147,118.20261873,1607867.07965852,1486,19,0.498045967588365
"result.1238",5,13,4,135.01240226,102.75280172,115.89560194,1607808.39738495,1473,20,0.497679789691029
"result.1900",11,6,7,138.59680232,98.57100165,117.68780197,1607806.69175166,1492,20,0.497669146524474
"result.843",10,4,3,139.713146034,98.585466682,116.730031102,1607802.76054382,1498,20.5,0.497644615753397
"result.1733",4,12,6,134.41500225,102.15540171,117.09040196,1607793.89950199,1470,20,0.497589322775312
"result.2266",9,13,8,135.67422091,101.460721724,116.797807566,1607792.41057216,1476,19.5,0.497580031840224
"result.1771",10,14,6,136.264108827,102.050609641,115.618031732,1607765.3159916,1480,19.5,0.497410961421915
"result.632",7,7,2,137.898689592,100.399923124,116.125212288,1607755.6350971,1488,20.5,0.49735055255605
"result.1194",9,10,4,137.4020023,100.96060169,115.89560194,1607725.67417043,1486,20,0.497163596113116
"result.3183",14,6,12,138.623660495,97.331506305,119.157359234,1607724.67412075,1492,19.5,0.497157355794452
"result.1075",2,3,4,136.51107567,99.16948098,118.75851426,1607721.00078758,1481,21,0.497134434163529
"result.2934",5,7,11,135.01240226,99.16840166,120.07740201,1607712.02910412,1473,20,0.497078450780676
"result.1666",1,8,6,134.269776708,101.004741938,118.544487544,1607686.60627372,1469,20.5,0.496919812097963
"result.1689",8,9,6,136.80460229,100.36320168,117.09040196,1607668.53545525,1483,20,0.496807050033526
"result.2814",13,15,10,136.25326494,101.31653034,116.455782,1607638.07138624,1480,19,0.49661695397802
"result.1127",6,6,4,137.293870778,99.79510431,117.334849916,1607634.83465619,1485,20.5,0.496596756754398
"result.137",8,8,0,138.503508406,101.004741938,114.91557466,1607612.71003332,1492,20.5,0.496458698915267
"result.2861",12,2,11,139.19420233,96.18140161,120.07740201,1607583.46699495,1495,20,0.4962762221016
"result.3145",8,4,12,136.80460229,97.37620163,120.67480202,1607570.88794945,1482,20,0.496197728748258
"result.2761",8,12,10,135.084332993,100.870833807,117.9775834,1607570.72764029,1473,19.5,0.496196728417695
"result.743",6,14,2,135.60980227,103.35020173,114.70080192,1607566.1974579,1476,20,0.496168460040231
"result.2372",3,4,9,135.479414336,98.585466682,120.358943986,1607550.31859681,1475,20.5,0.496069375808919
"result.699",10,11,2,137.99940231,101.5580017,114.70080192,1607525.26225897,1489,20,0.495913024042913
"result.2228",3,11,8,133.81760224,101.5580017,118.28520198,1607525.26225897,1466,20,0.495913024042913
"result.3611",10,1,14,137.99940231,95.5840016,121.86960204,1607525.26225897,1489,20,0.495913024042913
"result.3684",3,6,14,133.81760224,98.57100165,121.86960204,1607525.26225897,1466,20,0.495913024042913
"result.1338",9,3,5,139.10832722,97.980647868,117.93966873,1607508.7243058,1495,20.5,0.495809827071355
"result.3588",3,0,14,135.479414336,96.166191426,123.383038056,1607500.75944156,1475,20.5,0.495760126249266
"result.1276",11,15,4,136.853996744,102.640497558,114.438255898,1607486.98075491,1483,19.5,0.495674147124739
"result.3309",12,14,12,135.67098603,100.73425143,117.62033982,1607483.68822338,1476,19,0.495653601699324
"result.3467",10,8,13,136.264108827,98.511282139,119.747247151,1607433.40737971,1479,19.5,0.495339848797627
"result.1286",5,0,5,138.34754754,97.33300911,119.37067155,1607419.5721973,1491,21,0.495253517139068
"result.369",0,7,1,135.28676109,101.61811014,116.92204239,1607395.71483551,1474,21,0.495104646994058
"result.2184",7,8,8,136.20720228,99.76580167,118.28520198,1607356.40456335,1479,20,0.494859350553977
"result.2395",10,5,9,137.99940231,97.97360164,118.88260199,1607328.26161408,1489,20,0.494683738305821
"result.4015",14,10,15,136.83554385,98.40513579,119.36717655,1607317.26238413,1483,19,0.494615103015256
"result.3122",1,3,12,134.269776708,97.980647868,122.173400428,1607293.67297144,1469,20.5,0.494467904875005
"result.3895",6,3,15,135.60980227,96.77880162,122.46700205,1607275.81339044,1476,20,0.494356460934258
"result.1622",5,5,6,136.689051964,99.190285496,118.544487544,1607252.96366535,1482,20.5,0.494213878451006
"result.1727",14,11,6,138.623660495,100.28094589,115.618031732,1607242.30848195,1492,19.5,0.494147390013945
"result.2222",13,10,8,138.033772578,99.691057973,116.797807566,1607223.42438035,1489,19.5,0.49402955305573
"result.225",0,14,0,133.664957894,104.633654822,114.91557466,1607192.34219867,1465,20.5,0.493835599971788
"result.4006",5,10,15,133.314669242,99.691057973,120.927022985,1607154.04583315,1463,19.5,0.493596630317938
"result.2583",6,1,10,137.293870778,96.77101024,120.9637628,1607132.60571691,1485,20.5,0.493462843806135
"result.3256",7,11,12,134.494445076,100.28094589,119.157359234,1607102.73033966,1470,19.5,0.493276421192352
"result.2161",0,7,8,133.664957894,100.399923124,119.754125172,1607094.55136556,1465,20.5,0.493225384322831
"result.3804",11,13,14,135.08870712,100.15197252,118.78489764,1607088.45153277,1473,19,0.493187321313197
"result.204",11,12,0,138.59680232,102.15540171,113.5060019,1607064.74127092,1492,20,0.493039369073087
"result.248",7,15,0,136.20720228,103.94760174,113.5060019,1607064.74127092,1479,20,0.493039369073087
"result.1570",1,2,6,135.89891838,98.55732369,119.98282884,1607030.05488656,1477,21,0.49282292573303
"result.1232",15,12,4,139.213548412,100.870833807,114.438255898,1607009.13087954,1495,19.5,0.492692359747284
"result.41",8,2,0,140.18401941,98.55732369,116.3098851,1606956.1888241,1500,21,0.492362000860978
"result.2717",12,9,10,137.443884661,99.101170056,117.9775834,1606954.94171841,1486,19.5,0.492354218910665
"result.1833",8,2,7,138.503508406,97.375829054,119.149306358,1606954.0600103,1491,20.5,0.492348717044353
"result.3678",13,5,14,138.033772578,96.741618388,120.337135068,1606935.23656891,1489,19.5,0.49223125860644
"result.325",4,4,1,137.73539025,99.78163827,116.92204239,1606913.75024784,1487,21,0.492097183776104
"result.916",3,9,3,135.479414336,101.609560752,116.730031102,1606906.04957866,1475,20.5,0.49204913153344
"result.421",4,10,1,136.08423315,102.214379566,115.520393474,1606861.57908667,1478,20.5,0.491771635276787
"result.2679",6,7,10,135.60980227,99.16840166,119.480002,1606791.83994468,1476,20,0.4913364624243
"result.3429",4,6,13,134.41500225,98.57100165,121.27220203,1606786.50984065,1469,20,0.491303202528816
"result.3333",4,0,13,136.08423315,96.166191426,122.778219242,1606762.01828373,1478,20.5,0.491150375000701
"result.536",7,1,2,139.57186212,97.9451664,117.53419968,1606738.26100007,1497,21,0.491002129344054
"result.1478",5,12,5,135.01240226,102.15540171,116.49300195,1606700.16215539,1472,20,0.490764392221973
"result.1411",2,8,5,134.874595522,101.004741938,117.93966873,1606689.00702824,1472,20.5,0.49069478413157
"result.1150",13,7,4,139.79160234,99.16840166,115.89560194,1606650.27238169,1498,20,0.490453079600243
"result.2011",10,13,7,136.264108827,101.460721724,116.207919649,1606627.34360798,1479,19.5,0.490310003852925
"result.2117",4,4,8,136.08423315,98.585466682,119.754125172,1606612.67707932,1478,20.5,0.49021848458657
"result.820",3,3,3,137.12323296,99.16948098,118.14635697,1606606.12791939,1484,21,0.490177617771687
"result.983",6,13,3,135.60980227,102.75280172,115.29820193,1606598.25056637,1476,20,0.490128463020317
"result.2890",9,4,11,137.4020023,97.37620163,120.07740201,1606597.82415805,1485,20,0.49012580222868
"result.2928",15,6,11,139.213548412,97.331506305,118.567471317,1606573.15444685,1495,19.5,0.489971863016308
"result.3356",11,1,13,138.59680232,95.5840016,121.27220203,1606570.1076171,1492,20,0.489952850772162
"result.3962",9,7,15,135.67422091,97.921394222,120.927022985,1606564.94396789,1476,19.5,0.489920629556213
"result.1973",4,11,7,134.41500225,101.5580017,117.68780197,1606546.65515938,1469,20,0.489806507232032
"result.2867",2,3,11,134.874595522,97.980647868,121.568581614,1606540.9933012,1472,20.5,0.489771177187786
"result.1645",12,6,6,139.19420233,98.57100165,117.09040196,1606540.25903454,1495,20,0.489766595357451
"result.2506",9,12,9,135.67422091,100.870833807,117.387695483,1606517.73371388,1476,19.5,0.489626037160675
"result.33",0,2,0,136.887259665,99.723297765,117.68587935,1606512.16323826,1482,21.5,0.489591277344315
"result.1516",11,14,5,136.853996744,102.050609641,115.028143815,1606486.94441779,1482,19.5,0.489433911685324
"result.3640",7,3,14,136.20720228,96.77880162,121.86960204,1606481.41468607,1479,20,0.489399406111306
"result.1434",9,9,5,137.4020023,100.36320168,116.49300195,1606450.71328687,1485,20,0.489207829113318
"result.2606",13,2,10,139.79160234,96.18140161,119.480002,1606450.71328687,1498,20,0.489207829113318
"result.3212",11,8,12,136.853996744,98.511282139,119.157359234,1606439.32363983,1482,19.5,0.489136757616779
"result.2559",14,15,9,136.83554385,101.31653034,115.87350309,1606435.77795678,1482,19,0.489114632523718
"result.377",8,7,1,138.503508406,100.399923124,115.520393474,1606396.74076005,1491,20.5,0.488871040076656
"result.872",7,6,3,137.898689592,99.79510431,116.730031102,1606393.64331285,1488,20.5,0.488851711979178
"result.939",10,10,3,137.99940231,100.96060169,115.29820193,1606392.50855088,1488,20,0.488844631054631
"result.3751",6,10,14,133.904557159,99.691057973,120.337135068,1606390.88181398,1466,19.5,0.488834480202227
"result.3054",13,14,11,136.25326494,100.73425143,117.03806091,1606390.76598602,1479,19,0.488833757434788
"result.465",0,13,1,133.664957894,104.028836008,115.520393474,1606312.22470066,1465,20.5,0.488343659131177
"result.3760",15,10,14,137.41782276,98.40513579,118.78489764,1606282.97416131,1485,19,0.4881611355113
"result.1929",8,8,7,136.80460229,99.76580167,117.68780197,1606252.64662118,1482,20,0.487971891397128
"result.1031",6,0,4,138.95970483,97.33300911,118.75851426,1606252.39665134,1494,21,0.487970331583165
"result.488",7,14,1,136.20720228,103.35020173,114.10340191,1606238.36194238,1479,20,0.48788275487723
"result.1083",10,3,4,139.713146034,97.980647868,117.334849916,1606218.41629967,1498,20.5,0.487758293893265
"result.114",1,7,0,135.89891838,101.61811014,116.3098851,1606215.2342224,1477,21,0.487738437703436
"result.1906",1,7,7,134.269776708,100.399923124,119.149306358,1606213.10639018,1468,20.5,0.487725160011873
"result.2140",11,5,8,138.59680232,97.97360164,118.28520198,1606174.40069404,1492,20,0.487483636131421
"result.3001",8,11,11,135.084332993,100.28094589,118.567471317,1606160.5778792,1472,19.5,0.487397381646599
"result.2328",7,1,9,137.898689592,96.77101024,120.358943986,1606141.42261206,1488,20.5,0.48727785261309
"result.2468",3,10,9,133.81760224,100.96060169,118.88260199,1606140.28802826,1466,20,0.487270772800324
"result.1367",6,5,5,137.293870778,99.190285496,117.93966873,1606128.14783833,1484,20.5,0.487195017909613
"result.3549",12,13,13,135.67098603,100.15197252,118.20261873,1606103.71596198,1476,19,0.487042562788721
"result.1021",12,15,3,137.443884661,102.640497558,113.848367981,1606094.07299964,1485,19.5,0.486982390619838
"result.609",0,6,2,135.28676109,101.00595285,117.53419968,1606077.5955967,1474,21,0.486879571482222
"result.2065",0,1,8,135.28676109,97.9451664,121.20714342,1606077.5955967,1474,21,0.486879571482222
"result.444",11,11,1,138.59680232,101.5580017,114.10340191,1606075.47396328,1491,20,0.486866332471237
"result.1315",2,2,5,136.51107567,98.55732369,119.37067155,1606032.86304334,1480,21,0.486600439960327
"result.3174",5,6,12,135.01240226,98.57100165,120.67480202,1605977.40004916,1472,20,0.48625435039433
"result.3078",5,0,12,136.689051964,96.166191426,122.173400428,1605952.92082516,1481,20.5,0.486101599823699
"result.1967",14,10,7,138.623660495,99.691057973,116.207919649,1605939.92125719,1492,19.5,0.486020482406579
"result.3423",14,5,13,138.623660495,96.741618388,119.747247151,1605891.68469331,1492,19.5,0.485719485828528
"result.1472",15,11,5,139.213548412,100.28094589,115.028143815,1605846.52705904,1495,19.5,0.485437701798013
"result.2424",7,7,9,136.20720228,99.16840166,118.88260199,1605800.86700374,1478,20,0.485152782655896
"result.2462",13,9,9,138.033772578,99.101170056,117.387695483,1605782.48532317,1488,19.5,0.485038080809282
"result.1578",9,2,6,139.10832722,97.375829054,118.544487544,1605778.57879689,1494,20.5,0.48501370405135
"result.661",4,9,2,136.08423315,101.609560752,116.125212288,1605716.62985284,1478,20.5,0.484627142101785
"result.2612",3,3,10,135.479414336,97.980647868,120.9637628,1605716.62985284,1474,20.5,0.484627142101785
"result.3707",10,7,14,136.264108827,97.921394222,120.337135068,1605679.03328829,1479,19.5,0.484392539212101
"result.3385",8,3,13,136.80460229,96.77880162,121.27220203,1605617.93783349,1482,20,0.484011303042882
"result.1156",3,8,4,135.479414336,101.004741938,117.334849916,1605617.51154235,1474,20.5,0.48400864298248
"result.3924",3,5,15,133.81760224,97.97360164,122.46700205,1605614.95297524,1465,20,0.483992677501411
"result.70",5,4,0,138.34754754,99.78163827,116.3098851,1605605.03631512,1490,21,0.483930797456051
"result.1862",5,4,7,136.689051964,98.585466682,119.149306358,1605602.90929126,1481,20.5,0.483917524808655
"result.4044",11,12,15,135.08870712,99.56969361,119.36717655,1605576.99693574,1472,19,0.483755831484931
"result.3496",7,10,13,134.494445076,99.691057973,119.747247151,1605558.33924761,1469,19.5,0.483639407348723
"result.2635",10,4,10,137.99940231,97.37620163,119.480002,1605555.25581012,1488,20,0.483620166671988
"result.166",5,10,0,136.689051964,102.214379566,114.91557466,1605552.90764356,1481,20.5,0.483605514092219
"result.3101",12,1,12,139.19420233,95.5840016,120.67480202,1605546.72764367,1494,20,0.483566950839214
"result.1223",6,12,4,135.60980227,102.15540171,115.89560194,1605533.50898568,1475,20,0.483484466298414
"result.1718",5,11,6,135.01240226,101.5580017,117.09040196,1605495.558645,1472,20,0.483247655842567
"result.565",4,3,2,137.73539025,99.16948098,117.53419968,1605416.93019332,1487,21,0.48275701362039
"result.2251",10,12,8,136.264108827,100.870833807,116.797807566,1605394.54019239,1479,19.5,0.482617299819854
"result.1756",11,13,6,136.853996744,101.460721724,115.618031732,1605391.66652475,1482,19.5,0.482599368108821
"result.281",8,1,1,140.18401941,97.9451664,116.92204239,1605380.2265598,1500,21,0.482527982628065
"result.2957",12,8,11,137.443884661,98.511282139,118.567471317,1605376.68240065,1485,19.5,0.48250586704415
"result.728",7,13,2,136.20720228,102.75280172,114.70080192,1605314.76151636,1478,20,0.482119480187745
"result.3851",10,0,15,137.99940231,94.98660159,122.46700205,1605309.00500401,1488,20,0.482083559500623
"result.3362",1,2,13,134.269776708,97.375829054,122.778219242,1605279.88979727,1468,20.5,0.481901880357349
"result.2295",6,15,8,133.904557159,102.640497558,116.797807566,1605272.61457986,1466,19.5,0.481856482937463
"result.1651",2,7,6,134.874595522,100.399923124,118.544487544,1605258.20766685,1471,20.5,0.481766583675002
"result.2799",14,14,10,136.83554385,100.73425143,116.455782,1605229.53610884,1482,19,0.48158767290372
"result.1390",13,6,5,139.79160234,98.57100165,116.49300195,1605203.46894425,1497,20,0.481425013570038
"result.2213",4,10,8,134.41500225,100.96060169,118.28520198,1605203.46894425,1468,20,0.481425013570038
"result.1810",1,1,7,135.89891838,97.9451664,120.59498613,1605196.7083922,1476,21,0.481382827666445
"result.2304",15,15,8,137.41782276,101.31653034,115.29122418,1605164.78204564,1485,19,0.481183606986314
"result.1179",10,9,4,137.99940231,100.36320168,115.89560194,1605161.25452035,1488,20,0.481161595197803
"result.2746",9,11,10,135.67422091,100.28094589,117.9775834,1605148.63634759,1475,19.5,0.481082857690048
"result.1261",12,14,4,137.443884661,102.050609641,114.438255898,1605137.55220099,1485,19.5,0.481013692518921
"result.210",1,13,0,134.269776708,104.028836008,114.91557466,1605132.53980891,1468,20.5,0.48098241514874
"result.2919",6,6,11,135.60980227,98.57100165,120.07740201,1605097.93288449,1475,20,0.480766467639452
"result.617",8,6,2,138.503508406,99.79510431,116.125212288,1605079.44071401,1491,20.5,0.480651076334828
"result.2073",8,1,8,138.503508406,96.77101024,119.754125172,1605079.44071401,1491,20.5,0.480651076334828
"result.1674",9,8,6,137.4020023,99.76580167,117.09040196,1605077.67848919,1485,20,0.480640080036613
"result.2823",6,0,11,137.293870778,96.166191426,121.568581614,1605073.46706583,1484,20.5,0.480613800718263
"result.3294",13,13,12,136.25326494,100.15197252,117.62033982,1605051.0675932,1478,19,0.480474027814281
"result.776",7,0,3,139.57186212,97.33300911,118.14635697,1605012.27263376,1496,21,0.480231946930017
"result.684",11,10,2,138.59680232,100.96060169,114.70080192,1604987.27992487,1491,20,0.480075992209203
"result.3918",13,4,15,138.033772578,96.151730471,120.927022985,1604965.95319076,1488,19.5,0.479942913202961
"result.122",9,7,0,139.10832722,100.399923124,114.91557466,1604964.39267505,1494,20.5,0.479933175571349
"result.1060",3,2,4,137.12323296,98.55732369,118.75851426,1604961.80513767,1483,21,0.479917029315572
"result.1885",12,5,7,139.19420233,97.97360164,117.68780197,1604950.60880915,1494,20,0.479847164128271
"result.354",1,6,1,135.89891838,101.00595285,116.92204239,1604942.07693465,1476,21,0.479793925157197
"result.273",0,1,1,136.887259665,99.1038984,118.305278715,1604936.63643547,1482,21.5,0.479759976395009
"result.1112",7,5,4,137.898689592,99.190285496,117.334849916,1604930.76324828,1487,20.5,0.479723327655871
"result.3669",4,5,14,134.41500225,97.97360164,121.86960204,1604915.64332673,1468,20,0.479628979213896
"result.828",11,3,3,140.317964848,97.980647868,116.730031102,1604856.42451542,1500,20.5,0.479259453316393
"result.233",8,14,0,136.80460229,103.35020173,113.5060019,1604836.75778711,1481,20,0.479136732760731
"result.2357",4,3,9,136.08423315,97.980647868,120.358943986,1604820.58262636,1477,20.5,0.479035799617
"result.3168",15,5,12,139.213548412,96.741618388,119.157359234,1604780.80689026,1494,19.5,0.478787598677849
"result.3833",8,15,14,133.34187039,101.31653034,118.78489764,1604752.56715554,1462,19,0.478611382487695
"result.2169",8,7,8,136.80460229,99.16840166,118.28520198,1604739.11028131,1481,20,0.478527411475462
"result.3452",11,7,13,136.853996744,97.921394222,119.747247151,1604724.97563334,1481,19.5,0.478439211149211
"result.3991",6,9,15,133.904557159,99.101170056,120.927022985,1604713.4809628,1465,19.5,0.47836748430508
"result.3130",9,3,12,137.4020023,96.77880162,120.67480202,1604685.38283271,1484,20,0.478192151728983
"result.2708",3,9,10,133.81760224,100.36320168,119.480002,1604659.79833337,1465,20,0.478032504230659
"result.849",0,5,3,135.28676109,100.39379556,118.14635697,1604658.08257029,1473,21,0.478021797854091
"result.3241",8,10,12,135.084332993,99.691057973,119.157359234,1604656.41813404,1472,19.5,0.478011411757429
"result.2146",1,6,8,134.269776708,99.79510431,119.754125172,1604641.37318106,1467,20.5,0.477917531120043
"result.3789",12,12,14,135.67098603,99.56969361,118.78489764,1604631.74554983,1475,19,0.47785745461741
"result.766",13,15,2,138.033772578,102.640497558,113.258480064,1604629.73407742,1488,19.5,0.477844903012125
"result.4000",15,9,15,137.41782276,97.82285688,119.36717655,1604605.68598781,1484,19,0.47769484272382
"result.1712",15,10,6,139.213548412,99.691057973,115.618031732,1604587.03958684,1494,19.5,0.477578489019637
"result.3107",2,2,12,134.874595522,97.375829054,122.173400428,1604567.47694066,1471,20.5,0.477456417937348
"result.189",12,11,0,139.19420233,101.5580017,113.5060019,1604553.1962528,1494,20,0.477367306320977
"result.2207",14,9,8,138.623660495,99.101170056,116.797807566,1604541.06090467,1491,19.5,0.477291581643113
"result.1323",10,2,5,139.713146034,97.375829054,117.93966873,1604531.85629783,1497,20.5,0.477234144816348
"result.1607",6,4,6,137.293870778,98.585466682,118.544487544,1604521.01523262,1484,20.5,0.477166496475174
"result.901",4,8,3,136.08423315,101.004741938,116.730031102,1604472.11981606,1477,20.5,0.476861388650695
"result.2846",13,1,11,139.79160234,95.5840016,120.07740201,1604455.12233868,1497,20,0.47675532424407
"result.406",5,9,1,136.689051964,101.609560752,115.520393474,1604452.87139416,1480,20.5,0.476741278330652
"result.2380",11,4,9,138.59680232,97.37620163,118.88260199,1604443.18290566,1491,20,0.476680822078185
"result.3596",11,0,14,138.59680232,94.98660159,121.86960204,1604393.71954028,1491,20,0.476372170248093
"result.3880",7,2,15,136.20720228,96.18140161,122.46700205,1604391.16109035,1478,20,0.476356205498259
"result.1463",6,11,5,135.60980227,101.5580017,116.49300195,1604371.97271584,1475,20,0.476236469874517
"result.968",7,12,3,136.20720228,102.15540171,115.29820193,1604293.93999287,1478,20,0.47574954500463
"result.2702",13,8,10,138.033772578,98.511282139,117.9775834,1604245.48366217,1488,19.5,0.475447177079738
"result.1555",2,1,6,136.51107567,97.9451664,119.98282884,1604242.41392066,1479,21,0.475428021866022
"result.1396",3,7,5,135.479414336,100.399923124,117.93966873,1604229.85519557,1474,20.5,0.475349655312217
"result.1996",11,12,7,136.853996744,100.870833807,116.207919649,1604201.1470758,1481,19.5,0.475170516395232
"result.2040",7,15,7,134.494445076,102.640497558,116.207919649,1604201.1470758,1468,19.5,0.475170516395232
"result.450",1,12,1,134.269776708,103.424017194,115.520393474,1604199.323216,1467,20.5,0.475159135494217
"result.1958",5,10,7,135.01240226,100.96060169,117.68780197,1604194.58685378,1471,20,0.475129580552807
"result.310",5,3,1,138.34754754,99.16948098,116.92204239,1604153.40760938,1489,21,0.474872621709636
"result.2664",7,6,10,136.20720228,98.57100165,119.480002,1604148.10834666,1478,20,0.474839554264185
"result.3414",5,5,13,135.01240226,97.97360164,121.27220203,1604146.40271337,1471,20,0.47482891109763
"result.2568",7,0,10,137.898689592,96.166191426,120.9637628,1604123.65700576,1487,20.5,0.474686977684391
"result.2535",6,14,9,133.904557159,102.050609641,117.387695483,1604107.75287765,1465,19.5,0.474587735786666
"result.2305",0,0,9,135.28676109,97.33300911,121.81930071,1604100.41673848,1473,21,0.474541958214467
"result.1501",12,13,5,137.443884661,101.460721724,115.028143815,1604085.37932249,1484,19.5,0.474448124607911
"result.2491",10,11,9,136.264108827,100.28094589,117.387695483,1604066.90574483,1478,19.5,0.474332849322699
"result.2544",15,14,9,137.41782276,100.73425143,115.87350309,1603999.99859182,1484,19,0.473915348106119
"result.3663",14,4,14,138.623660495,96.151730471,120.337135068,1603962.22213811,1491,19.5,0.473679622706505
"result.473",8,13,1,136.80460229,102.75280172,114.10340191,1603957.93023493,1481,20,0.473652841193312
"result.1818",9,1,7,139.10832722,96.77101024,119.149306358,1603946.66002275,1493,20.5,0.473582514971347
"result.3039",14,13,11,136.83554385,100.15197252,117.03806091,1603930.50642644,1481,19,0.473481716389877
"result.3736",7,9,14,134.494445076,99.101170056,120.337135068,1603920.34869543,1468,19.5,0.473418332060027
"result.3578",9,15,13,133.9241493,101.31653034,118.20261873,1603859.43489366,1465,19,0.473038229407357
"result.2102",5,3,8,136.689051964,97.980647868,119.754125172,1603852.85162176,1480,20.5,0.472997149733433
"result.1419",10,8,5,137.99940231,99.76580167,116.49300195,1603831.50016738,1487,20,0.472863916472428
"result.3947",10,6,15,136.264108827,97.331506305,120.927022985,1603829.82816491,1478,19.5,0.472853483162493
"result.805",4,2,3,137.73539025,98.55732369,118.14635697,1603816.88116953,1486,21,0.472772693798765
"result.924",11,9,3,138.59680232,100.36320168,115.29820193,1603800.15915569,1490,20,0.472668348286983
"result.1012",3,15,3,133.81760224,103.94760174,115.29820193,1603800.15915569,1464,20,0.472668348286983
"result.1135",14,6,4,140.38900235,98.57100165,115.89560194,1603796.32148079,1500,20,0.472644401162234
"result.2852",3,2,11,135.479414336,97.375829054,121.568581614,1603783.82279839,1474,20.5,0.472566409275347
"result.2453",4,9,9,134.41500225,100.36320168,118.88260199,1603764.34085662,1468,20,0.472444841789329
"result.18",1,1,0,137.50665903,99.1038984,117.68587935,1603757.96178362,1485,21.5,0.472405036318302
"result.99",2,6,0,136.51107567,101.00595285,116.3098851,1603730.85702847,1479,21,0.472235902410506
"result.1891",2,6,7,134.874595522,99.79510431,119.149306358,1603728.73248742,1470,20.5,0.472222645255912
"result.1006",13,14,3,138.033772578,102.050609641,113.848367981,1603717.13934121,1487,19.5,0.472150303922708
"result.3197",12,7,12,137.443884661,97.921394222,119.157359234,1603702.77100303,1484,19.5,0.472060645367543
"result.521",8,0,2,140.18401941,97.33300911,117.53419968,1603699.20014456,1499,21,0.472038363179626
"result.362",9,6,1,139.10832722,99.79510431,115.520393474,1603692.22685968,1493,20.5,0.471994849821346
"result.2986",9,10,11,135.67422091,99.691057973,118.567471317,1603685.11847327,1475,19.5,0.471950493428342
"result.2875",10,3,11,137.99940231,96.77880162,120.07740201,1603683.74968371,1487,20,0.47194195216961
"result.857",8,5,3,138.503508406,99.190285496,116.730031102,1603660.8098952,1490,20.5,0.471798807689781
"result.1630",13,5,6,139.79160234,97.97360164,117.09040196,1603656.88595941,1497,20,0.47177432229637
"result.3534",13,12,13,136.25326494,99.56969361,118.20261873,1603618.97620777,1478,19,0.471537765116496
"result.1914",9,7,7,137.4020023,99.16840166,117.68780197,1603606.56977738,1484,20,0.471460348883
"result.3625",8,2,14,136.80460229,96.18140161,121.86960204,1603567.34021174,1481,20,0.471215556052236
"result.594",1,5,2,135.89891838,100.39379556,117.53419968,1603567.06706388,1476,21,0.471213851607259
"result.429",12,10,1,139.19420233,100.96060169,114.10340191,1603509.98829239,1493,20,0.470857679576827
"result.3341",12,0,13,139.19420233,94.98660159,121.27220203,1603410.63515331,1493,20,0.470237715125003
"result.1352",7,4,5,137.898689592,98.585466682,117.93966873,1603366.9949034,1486,20.5,0.469965399586129
"result.3159",6,5,12,135.60980227,97.97360164,120.67480202,1603307.23113516,1474,20,0.469592473152612
"result.2591",14,1,10,140.38900235,95.5840016,119.480002,1603295.29170213,1500,20,0.469517970986727
"result.2125",12,4,8,139.19420233,97.37620163,118.28520198,1603261.60544468,1493,20,0.469307768447269
"result.2050",1,0,8,135.89891838,97.33300911,121.20714342,1603261.50931482,1476,21,0.469307168596161
"result.513",0,0,2,136.887259665,98.484499035,118.92467808,1603256.0745125,1481,21.5,0.469273255382414
"result.646",5,8,2,136.689051964,101.004741938,116.125212288,1603252.83184936,1480,20.5,0.469253021136214
"result.1952",15,9,7,139.213548412,99.101170056,116.207919649,1603230.66846293,1493,19.5,0.469114721412155
"result.1300",3,1,5,137.12323296,97.9451664,119.37067155,1603214.71218209,1482,21,0.46901515408095
"result.1068",11,2,4,140.317964848,97.375829054,117.334849916,1603213.8925131,1499,20.5,0.469010039339346
"result.1208",7,11,4,136.20720228,101.5580017,115.89560194,1603175.8973719,1477,20,0.468772949327884
"result.690",1,11,2,134.269776708,102.81919838,116.125212288,1603167.87329752,1467,20.5,0.468722879033954
"result.3602",1,1,14,134.269776708,96.77101024,123.383038056,1603167.87329752,1467,20.5,0.468722879033954
"result.1089",0,4,4,135.28676109,99.78163827,118.75851426,1603137.17575627,1472,21,0.468531326109665
"result.1141",4,7,4,136.08423315,100.399923124,117.334849916,1603128.04897634,1477,20.5,0.468474374923518
"result.2409",8,6,9,136.80460229,98.57100165,118.88260199,1603127.92643565,1480,20,0.468473610268527
"result.151",6,9,0,137.293870778,101.609560752,114.91557466,1603114.77420261,1483,20.5,0.468391540220041
"result.1703",6,10,6,135.60980227,100.96060169,117.09040196,1603113.64175685,1474,20,0.46838447374863
"result.2313",8,0,9,138.503508406,96.166191426,120.358943986,1603103.49064495,1490,20.5,0.468321130722085
"result.511",14,15,1,138.623660495,102.640497558,112.668592147,1603093.96398827,1490,19.5,0.468261684301595
"result.2948",3,8,11,133.81760224,99.76580167,120.07740201,1603083.79317429,1464,20,0.468198218333919
"result.2280",7,14,8,134.494445076,102.050609641,116.797807566,1603077.9535543,1468,19.5,0.468161779054411
"result.4029",12,11,15,135.67098603,98.9874147,119.36717655,1603067.77698691,1474,19,0.468098277185394
"result.1785",8,15,6,135.084332993,102.640497558,115.618031732,1603058.2484048,1471,19.5,0.468038818750187
"result.3481",8,9,13,135.084332993,99.101170056,119.747247151,1603058.2484048,1471,19.5,0.468038818750187
"result.2447",14,8,9,138.623660495,98.511282139,117.387695483,1603045.72742439,1490,19.5,0.467960687723544
"result.195",2,12,0,134.874595522,103.424017194,114.91557466,1602988.66385222,1470,20.5,0.467604610536998
"result.713",8,12,2,136.80460229,102.15540171,114.70080192,1602981.45517695,1480,20,0.467559628340624
"result.2386",1,5,9,134.269776708,99.190285496,120.358943986,1602971.40664638,1467,20.5,0.467496925422475
"result.3909",4,4,15,134.41500225,97.37620163,122.46700205,1602948.8349403,1467,20,0.467356077780261
"result.1741",12,12,6,137.443884661,100.870833807,115.618031732,1602937.55436412,1484,19.5,0.467285686886809
"result.2597",4,2,10,136.08423315,97.375829054,120.9637628,1602928.92737046,1476,20.5,0.467231854371344
"result.2236",11,11,8,136.853996744,100.28094589,116.797807566,1602915.38607093,1481,19.5,0.467147356544556
"result.3692",11,6,14,136.853996744,97.331506305,120.337135068,1602915.38607093,1481,19.5,0.467147356544556
"result.3323",10,15,12,134.50642821,101.31653034,117.62033982,1602897.6001501,1468,19,0.467036372243915
"result.3408",15,4,13,139.213548412,96.151730471,119.747247151,1602891.57568195,1493,19.5,0.466998779510285
"result.2775",6,13,10,133.904557159,101.460721724,117.9775834,1602849.70223926,1465,19.5,0.466737488863807
"result.1252",3,14,4,133.81760224,103.35020173,115.89560194,1602845.00451383,1464,20,0.46670817501623
"result.55",6,3,0,138.95970483,99.16948098,116.3098851,1602815.56016755,1492,21,0.466524442039425
"result.1847",6,3,7,137.293870778,97.980647868,119.149306358,1602813.43683904,1483,20.5,0.466511192451084
"result.2198",5,9,8,135.01240226,100.36320168,118.28520198,1602797.24678173,1471,20,0.466410166352694
"result.1563",10,1,6,139.713146034,96.77101024,118.544487544,1602743.0805383,1496,20.5,0.466072168522649
"result.1636",3,6,6,135.479414336,99.79510431,118.544487544,1602743.0805383,1473,20.5,0.466072168522649
"result.2784",15,13,10,137.41782276,100.15197252,116.455782,1602742.03246169,1484,19,0.466065628515509
"result.1246",13,13,4,138.033772578,101.460721724,114.438255898,1602708.48200118,1487,19.5,0.465856273350194
"result.3370",9,2,13,137.4020023,96.18140161,121.27220203,1602674.86759324,1483,20,0.465646519152379
"result.2731",10,10,10,136.264108827,99.691057973,117.9775834,1602644.44026531,1477,19.5,0.465456652361464
"result.757",4,15,2,134.41500225,103.94760174,114.70080192,1602613.03838652,1467,20,0.465260704364763
"result.2620",11,3,10,138.59680232,96.77880162,119.480002,1602613.03838652,1490,20,0.465260704364763
"result.2942",13,7,11,138.033772578,97.921394222,118.567471317,1602612.41939737,1487,19.5,0.465256841867097
"result.550",5,2,2,138.34754754,98.55732369,117.53419968,1602598.09113894,1489,21,0.465167433409905
"result.3279",14,12,12,136.83554385,99.56969361,117.62033982,1602538.68890958,1480,19,0.464796762982188
"result.218",9,13,0,137.4020023,102.75280172,113.5060019,1602527.75672206,1483,20,0.464728546037017
"result.1164",11,8,4,138.59680232,99.76580167,115.89560194,1602514.11165575,1490,20,0.464643400704578
"result.3818",9,14,14,133.9241493,100.73425143,118.78489764,1602497.23051546,1464,19,0.464538062242383
"result.3347",2,1,13,134.874595522,96.77101024,122.778219242,1602495.28476208,1470,20.5,0.464525920724388
"result.1659",10,7,6,137.99940231,99.16840166,117.09040196,1602403.24549196,1487,20,0.463951594878509
"result.339",2,5,1,136.51107567,100.39379556,116.92204239,1602400.80910877,1479,21,0.463936391826163
"result.2904",7,5,11,136.20720228,97.97360164,120.07740201,1602398.1285921,1477,20,0.463919665378843
"result.669",12,9,2,139.19420233,100.36320168,114.70080192,1602367.42719289,1493,20,0.463728088380855
"result.3086",13,0,12,139.79160234,94.98660159,120.67480202,1602359.75184309,1496,20,0.463680194131359
"result.1795",2,0,7,136.51107567,97.33300911,120.59498613,1602349.65341955,1478,21,0.463617179880613
"result.602",9,5,2,139.10832722,99.190285496,116.125212288,1602318.28777908,1492,20.5,0.463421458011344
"result.1375",14,5,5,140.38900235,97.97360164,116.49300195,1602293.23214482,1499,20,0.463265110635716
"result.107",10,6,0,139.713146034,99.79510431,114.91557466,1602232.00174986,1496,20.5,0.462883032438735
"result.2693",4,8,10,134.41500225,99.76580167,119.480002,1602229.27089648,1467,20,0.462865991889907
"result.751",14,14,2,138.623660495,102.050609641,113.258480064,1602225.70583843,1490,19.5,0.462843745896684
"result.3654",5,4,14,135.01240226,97.37620163,121.86960204,1602219.03709675,1470,20,0.462802132890578
"result.3976",7,8,15,134.494445076,98.511282139,120.927022985,1602188.75868312,1467,19.5,0.462613195326262
"result.1097",8,4,4,138.503508406,98.585466682,117.334849916,1602140.84830361,1489,20.5,0.462314234141517
"result.3226",9,9,12,135.67422091,99.101170056,119.157359234,1602127.18009093,1474,19.5,0.462228944375559
"result.258",1,0,1,137.50665903,98.484499035,118.305278715,1602122.55070417,1484,21.5,0.462200056961874
"result.1045",4,1,4,137.73539025,97.9451664,118.75851426,1602113.60317647,1485,21,0.462144224311228
"result.2131",2,5,8,134.874595522,99.190285496,119.754125172,1602100.58148998,1469,20.5,0.4620629688743
"result.3774",13,11,14,136.25326494,98.9874147,118.78489764,1602094.49182973,1477,19,0.462024969341434
"result.834",1,4,3,135.89891838,99.78163827,118.14635697,1602090.2046101,1475,21,0.461998217053623
"result.930",1,10,3,134.269776708,102.214379566,116.730031102,1602038.19005347,1466,20.5,0.461673645767952
"result.2154",9,6,8,137.4020023,98.57100165,118.28520198,1602037.38715146,1483,20,0.46166863565248
"result.2058",9,0,8,139.10832722,96.166191426,119.754125172,1602012.96798339,1492,20.5,0.461516259831342
"result.1870",13,4,7,139.79160234,97.37620163,117.68780197,1602010.52342716,1496,20,0.46150100577924
"result.2342",5,2,9,136.689051964,97.375829054,120.358943986,1602002.79065686,1479,20.5,0.461452753225344
"result.435",2,11,1,134.874595522,102.81919838,115.520393474,1602001.90567195,1469,20.5,0.461447230911778
"result.2025",8,14,7,135.084332993,102.050609641,116.207919649,1601977.13358797,1471,19.5,0.461292652892346
"result.174",13,10,0,139.79160234,100.96060169,113.5060019,1601960.63365346,1496,20,0.461189693157508
"result.1448",7,10,5,136.20720228,100.96060169,116.49300195,1601960.63365346,1477,20,0.461189693157508
"result.391",6,8,1,137.293870778,101.004741938,115.520393474,1601959.64764226,1483,20.5,0.461183540439038
"result.886",5,7,3,136.689051964,100.399923124,116.730031102,1601952.78900916,1479,20.5,0.461140742508907
"result.3903",14,3,15,138.623660495,95.561842554,120.927022985,1601936.28645515,1490,19.5,0.46103776642838
"result.3437",12,6,13,137.443884661,97.331506305,119.747247151,1601933.20752554,1483,19.5,0.461018553880844
"result.953",8,11,3,136.80460229,101.5580017,115.29820193,1601907.33261317,1480,20,0.460857094202667
"result.3068",11,15,11,135.08870712,101.31653034,117.03806091,1601867.06292485,1471,19,0.46060581099737
"result.2520",7,13,9,134.494445076,101.460721724,117.387695483,1601861.16057268,1467,19.5,0.460568980268522
"result.1530",9,15,5,135.67422091,102.640497558,115.028143815,1601843.91856687,1474,19.5,0.460461390002325
"result.2192",15,8,8,139.213548412,98.511282139,116.797807566,1601777.41368731,1493,19.5,0.460046398975566
"result.1943",6,9,7,135.60980227,100.36320168,117.68780197,1601758.5161087,1473,20,0.459928477920751
"result.3092",3,1,12,135.479414336,96.77101024,122.173400428,1601751.89743345,1473,20.5,0.459887177329603
"result.3115",10,2,12,137.99940231,96.18140161,120.67480202,1601713.74323487,1486,20,0.459649094798685
"result.1592",7,3,6,137.898689592,97.980647868,118.544487544,1601702.33827821,1486,20.5,0.459577927769951
"result.997",4,14,3,134.41500225,103.35020173,115.29820193,1601701.59059768,1467,20,0.459573262236981
"result.1981",12,11,7,137.443884661,100.28094589,116.207919649,1601694.07732588,1483,19.5,0.459526379355616
"result.1381",4,6,5,136.08423315,99.79510431,117.93966873,1601684.41733368,1476,20.5,0.459466100920256
"result.1486",13,12,5,138.033772578,100.870833807,115.028143815,1601603.76205734,1486,19.5,0.458962811294584
"result.458",9,12,1,137.4020023,102.15540171,114.10340191,1601596.05453792,1483,20,0.458914716306396
"result.3563",10,14,13,134.50642821,100.73425143,118.20261873,1601575.0773777,1467,19,0.458783818644182
"result.2476",11,10,9,136.853996744,99.691057973,117.387695483,1601534.38351014,1480,19.5,0.458529888556793
"result.1329",0,3,5,135.28676109,99.16948098,119.37067155,1601514.87515466,1471,21,0.458408156248942
"result.3015",6,12,11,133.904557159,100.870833807,118.567471317,1601498.4626647,1464,19.5,0.458305742168882
"result.256",15,15,0,139.213548412,102.640497558,112.07870423,1601486.76273219,1493,19.5,0.458232734488248
"result.2365",12,3,9,139.19420233,96.77880162,118.88260199,1601473.24894111,1493,20,0.458148408314442
"result.1308",11,1,5,140.317964848,96.77101024,117.93966873,1601468.70226064,1499,20.5,0.458120036988733
"result.2687",14,7,10,138.623660495,97.921394222,117.9775834,1601453.92081635,1489,19.5,0.458027800647874
"result.3399",6,4,13,135.60980227,97.37620163,121.27220203,1601419.73469667,1473,20,0.457814478963782
"result.2649",8,5,10,136.80460229,97.97360164,119.480002,1601419.09508418,1480,20,0.457810487776323
"result.3865",8,1,15,136.80460229,95.5840016,122.46700205,1601419.09508418,1480,20,0.457810487776323
"result.3024",15,12,11,137.41782276,99.56969361,117.03806091,1601390.88365525,1483,19,0.457634448214484
"result.3721",8,8,14,135.084332993,98.511282139,120.337135068,1601366.0686915,1470,19.5,0.457479602624871
"result.1540",3,0,6,137.12323296,97.33300911,119.98282884,1601364.84905264,1481,21,0.457471992067819
"result.502",5,15,1,135.01240226,103.94760174,114.10340191,1601351.72256927,1470,20,0.457390082697404
"result.295",6,2,1,138.95970483,98.55732369,116.92204239,1601305.43504588,1491,21,0.457101248148995
"result.2438",5,8,9,135.01240226,99.76580167,118.88260199,1601303.53842885,1470,20,0.457089413242228
"result.991",14,13,3,138.623660495,101.460721724,113.848367981,1601260.97456083,1489,19.5,0.456823814335671
"result.2831",14,0,11,140.38900235,94.98660159,120.07740201,1601241.06960964,1499,20,0.456699607267155
"result.2626",1,4,10,134.269776708,98.585466682,120.9637628,1601203.20678612,1466,20.5,0.456463342919168
"result.84",3,5,0,137.12323296,100.39379556,116.3098851,1601159.30870493,1481,21,0.456189418510805
"result.1876",3,5,7,135.479414336,99.190285496,119.149306358,1601157.18757054,1472,20.5,0.456176182613776
"result.1404",11,7,5,138.59680232,99.16840166,116.49300195,1601129.13742505,1489,20,0.456001149461989
"result.2971",10,9,11,136.264108827,99.101170056,118.567471317,1601127.14375381,1477,19.5,0.455988708936144
"result.909",12,8,3,139.19420233,99.76580167,115.29820193,1601125.51295431,1492,20,0.455978532733058
"result.3519",14,11,13,136.83554385,98.9874147,118.20261873,1601054.08355827,1480,19,0.455532812680651
"result.4058",9,13,15,133.9241493,100.15197252,119.36717655,1601044.21251205,1464,19,0.455471217266412
"result.3932",11,5,15,136.853996744,96.741618388,120.927022985,1601010.5549526,1480,19.5,0.455261193802813
"result.2087",6,2,8,137.293870778,97.375829054,119.754125172,1601005.41265761,1482,20.5,0.455229105837341
"result.579",2,4,2,136.51107567,99.78163827,117.53419968,1600968.44981062,1478,21,0.45499845735072
"result.3842",1,0,15,134.269776708,96.166191426,123.98785687,1600957.6234722,1466,20.5,0.454930900904819
"result.790",5,1,3,138.34754754,97.9451664,118.14635697,1600939.08690381,1488,21,0.45481523255686
"result.2837",4,1,11,136.08423315,96.77101024,121.568581614,1600937.71131161,1476,20.5,0.454806648849602
"result.675",2,10,2,134.874595522,102.214379566,116.125212288,1600916.47167365,1469,20.5,0.454674113324036
"result.3",2,0,0,138.126058395,98.484499035,117.68587935,1600913.45864194,1487,21.5,0.454655311979962
"result.3648",15,3,14,139.213548412,95.561842554,120.337135068,1600905.46082194,1492,19.5,0.454605405513613
"result.347",10,5,1,139.713146034,99.190285496,115.520393474,1600903.19689992,1495,20.5,0.454591278620558
"result.3182",13,6,12,138.033772578,97.331506305,119.157359234,1600883.29252875,1486,19.5,0.45446707517136
"result.1899",10,6,7,137.99940231,98.57100165,117.68780197,1600876.49049411,1486,20,0.454424630416042
"result.414",13,9,1,139.79160234,100.36320168,114.10340191,1600863.05863196,1495,20,0.454340815479422
"result.1803",10,0,7,139.713146034,96.166191426,119.149306358,1600852.08902108,1495,20.5,0.454272365012166
"result.842",9,4,3,139.10832722,98.585466682,116.730031102,1600842.57543324,1492,20.5,0.45421300014134
"result.1170",1,9,4,134.269776708,101.609560752,117.334849916,1600810.27348384,1466,20.5,0.45401143569621
"result.1770",9,14,6,135.67422091,102.050609641,115.618031732,1600805.29297865,1473,19.5,0.453980357300471
"result.2265",8,13,8,135.084332993,101.460721724,116.797807566,1600802.00878706,1470,19.5,0.453959863916432
"result.2813",12,15,10,135.67098603,101.31653034,116.455782,1600767.82321792,1473,19,0.453746545667722
"result.180",3,11,0,135.479414336,102.81919838,114.91557466,1600760.7143286,1472,20.5,0.453702186136558
"result.1193",8,10,4,136.80460229,100.96060169,115.89560194,1600735.5625436,1479,20,0.453545238779441
"result.631",6,7,2,137.293870778,100.399923124,116.125212288,1600704.07529404,1482,20.5,0.453348758068384
"result.1237",4,13,4,134.41500225,102.75280172,115.89560194,1600694.20093634,1466,20,0.453287141990485
"result.1615",14,4,6,140.38900235,97.37620163,117.09040196,1600689.93685312,1499,20,0.453260534074098
"result.2860",11,2,11,138.59680232,96.18140161,120.07740201,1600683.96713661,1489,20,0.453223282991156
"result.496",15,14,1,139.213548412,102.050609641,112.668592147,1600663.25169267,1492,19.5,0.453094018440849
"result.1688",7,9,6,136.20720228,100.36320168,117.09040196,1600648.14883754,1476,20,0.452999776493502
"result.2933",4,7,11,134.41500225,99.16840166,120.07740201,1600598.25906383,1466,20,0.452688463871771
"result.136",7,8,0,137.898689592,101.004741938,114.91557466,1600592.56719474,1485,20.5,0.452652946559166
"result.3308",11,14,12,135.08870712,100.73425143,117.62033982,1600584.6166001,1470,19,0.452603334779448
"result.698",9,11,2,137.4020023,101.5580017,114.70080192,1600566.27843966,1482,20,0.452488904498866
"result.3610",9,1,14,137.4020023,95.5840016,121.86960204,1600566.27843966,1482,20,0.452488904498866
"result.1275",10,15,4,136.264108827,102.640497558,114.438255898,1600558.157562,1476,19.5,0.45243823015165
"result.1126",5,6,4,136.689051964,99.79510431,117.334849916,1600552.74287357,1479,20.5,0.452404442448731
"result.3144",7,4,12,136.20720228,97.37620163,120.67480202,1600550.92774006,1476,20,0.452393115999872
"result.2760",7,12,10,134.494445076,100.870833807,117.9775834,1600550.76813094,1467,19.5,0.452392120037564
"result.1337",8,3,5,138.503508406,97.980647868,117.93966873,1600519.55593925,1488,20.5,0.452197355690036
"result.1074",1,3,4,135.89891838,99.16948098,118.75851426,1600511.48957329,1474,21,0.452147021496286
"result.742",5,14,2,135.01240226,103.35020173,114.70080192,1600484.40804179,1469,20,0.451978032504231
"result.4014",13,10,15,136.25326494,98.40513579,119.36717655,1600477.61445909,1476,19,0.451935640489098
"result.3466",9,8,13,135.67422091,98.511282139,119.747247151,1600474.82120057,1473,19.5,0.451918210531698
"result.1726",13,11,6,138.033772578,100.28094589,115.618031732,1600402.97950969,1486,19.5,0.451469917755878
"result.2371",2,4,9,134.874595522,98.585466682,120.358943986,1600373.7546745,1469,20.5,0.451287554530166
"result.2394",9,5,9,137.4020023,97.97360164,118.88260199,1600370.13061142,1482,20,0.451264940345051
"result.2221",12,10,8,137.443884661,99.691057973,116.797807566,1600354.94820778,1483,19.5,0.45117020201433
"result.3587",2,0,14,134.874595522,96.166191426,123.383038056,1600324.41676549,1469,20.5,0.450979685548905
"result.1285",4,0,5,137.73539025,97.33300911,119.37067155,1600307.09621412,1484,21,0.450871605157781
"result.2183",6,8,8,135.60980227,99.76580167,118.28520198,1600306.59577141,1473,20,0.450868482390881
"result.2110",13,3,8,139.79160234,96.77880162,118.28520198,1600264.3813475,1495,20,0.450605064018646
"result.2432",15,7,9,139.213548412,97.921394222,117.387695483,1600227.27525998,1492,19.5,0.450373521709873
"result.1231",14,12,4,138.623660495,100.870833807,114.438255898,1600199.77015547,1489,19.5,0.450201889618558
"result.3894",5,3,15,135.01240226,96.77880162,122.46700205,1600195.3031993,1469,20,0.450174015773173
"result.3803",10,13,14,134.50642821,100.15197252,118.78489764,1600161.34613823,1467,19,0.449962123416882
"result.1621",4,5,6,136.08423315,99.190285496,118.544487544,1600141.22488807,1475,20.5,0.449836566640905
"result.203",10,12,0,137.99940231,102.15540171,113.5060019,1600137.73807579,1485,20,0.449814808901945
"result.3677",12,5,14,137.443884661,96.741618388,120.337135068,1600067.99196819,1482,19.5,0.449379592584054
"result.2716",11,9,10,136.853996744,99.101170056,117.9775834,1600058.13939344,1479,19.5,0.449318112431942
"result.3255",6,11,12,133.904557159,100.28094589,119.157359234,1600054.03415396,1463,19.5,0.449292495701896
"result.2582",5,1,10,136.689051964,96.77101024,120.9637628,1600052.72639657,1478,20.5,0.449284335284383
"result.247",6,15,0,135.60980227,103.94760174,113.5060019,1600016.21170395,1473,20,0.449056483284907
"result.3264",15,11,12,137.41782276,98.9874147,117.62033982,1599946.55217251,1482,19,0.448621807203043
"result.40",7,2,0,139.57186212,98.55732369,116.3098851,1599938.91289037,1494,21,0.448574138016031
"result.1832",7,2,7,137.898689592,97.375829054,119.149306358,1599936.7933727,1485,20.5,0.448560912207338
"result.1569",0,2,6,135.28676109,98.55732369,119.98282884,1599791.18076545,1471,21,0.447652288271926
"result.1149",12,7,4,139.19420233,99.16840166,115.89560194,1599784.24557664,1492,20,0.447609012633439
"result.324",3,4,1,137.12323296,99.78163827,116.92204239,1599771.91135785,1481,21,0.447532047000956
"result.2927",14,6,11,138.623660495,97.331506305,118.567471317,1599765.64108055,1489,19.5,0.447492920416104
"result.736",15,13,2,139.213548412,101.460721724,113.258480064,1599742.85700144,1492,19.5,0.447350747564344
"result.915",2,9,3,134.874595522,101.609560752,116.730031102,1599732.36185732,1468,20.5,0.447285257773773
"result.420",3,10,1,135.479414336,102.214379566,115.520393474,1599719.97206851,1472,20.5,0.44720794538386
"result.2678",5,7,10,135.01240226,99.16840166,119.480002,1599713.46179514,1469,20,0.44716732122141
"result.535",6,1,2,138.95970483,97.9451664,117.53419968,1599691.1633641,1490,21,0.447028178817844
"result.2010",9,13,7,135.67422091,101.460721724,116.207919649,1599672.2468824,1473,19.5,0.446910139807537
"result.654",13,8,2,139.79160234,99.76580167,114.70080192,1599665.70406305,1495,20,0.446869312557872
"result.1644",11,6,6,138.59680232,98.57100165,117.09040196,1599645.23646358,1488,20,0.446741594559213
"result.3355",10,1,13,137.99940231,95.5840016,121.27220203,1599645.23646358,1485,20,0.446741594559213
"result.1548",11,0,6,140.317964848,96.166191426,118.544487544,1599620.85375803,1498,20.5,0.446589446264555
"result.3332",3,0,13,135.479414336,96.166191426,122.778219242,1599620.85375803,1472,20.5,0.446589446264555
"result.2889",8,4,11,136.80460229,97.37620163,120.07740201,1599612.61622693,1479,20,0.446538043998851
"result.2558",13,15,9,136.25326494,101.31653034,115.87350309,1599599.88102931,1476,19,0.446458576254971
"result.1477",4,12,5,134.41500225,102.15540171,116.49300195,1599590.86940249,1466,20,0.446402343625275
"result.2605",12,2,10,139.19420233,96.18140161,119.480002,1599585.53929846,1492,20,0.446369083729792
"result.3961",8,7,15,135.084332993,97.921394222,120.927022985,1599579.87899412,1469,19.5,0.446333763381482
"result.1515",10,14,5,136.264108827,102.050609641,115.028143815,1599562.43172633,1476,19.5,0.446224892278783
"result.2505",8,12,9,135.084332993,100.870833807,117.387695483,1599532.87400208,1469,19.5,0.446040451822446
"result.3053",12,14,11,135.67098603,100.73425143,117.03806091,1599525.84818267,1473,19,0.445996610648179
"result.982",5,13,3,135.01240226,102.75280172,115.29820193,1599520.72523348,1469,20,0.445964643400705
"result.3211",10,8,12,136.264108827,98.511282139,119.157359234,1599515.01621035,1476,19.5,0.445929019046742
"result.1410",1,8,5,134.269776708,101.004741938,117.93966873,1599484.12358865,1465,20.5,0.445736248818729
"result.3759",14,10,14,136.83554385,98.40513579,118.78489764,1599476.6903725,1479,19,0.445689865485269
"result.587",10,4,2,139.713146034,98.585466682,116.125212288,1599472.1762923,1494,20.5,0.445661697585599
"result.2116",3,4,8,135.479414336,98.585466682,119.754125172,1599472.1762923,1472,20.5,0.445661697585599
"result.1433",8,9,5,136.80460229,100.36320168,116.49300195,1599466.14496823,1479,20,0.445624062070948
"result.938",9,10,3,137.4020023,100.96060169,115.29820193,1599438.42842728,1482,20,0.44545111061443
"result.3639",6,3,14,135.60980227,96.77880162,121.86960204,1599435.44356903,1472,20,0.445432485072959
"result.819",2,3,3,136.51107567,99.16948098,118.14635697,1599433.77913404,1477,21,0.445422098984172
"result.92",11,5,0,140.317964848,99.190285496,114.91557466,1599415.53725774,1498,20.5,0.445308269517424
"result.376",7,7,1,137.898689592,100.399923124,115.520393474,1599381.90783097,1485,20.5,0.445098421601946
"result.871",6,6,3,137.293870778,99.79510431,116.730031102,1599348.05715797,1481,20.5,0.444887193108077
"result.2866",1,3,11,134.269776708,97.980647868,121.568581614,1599336.7736003,1465,20.5,0.44481678361012
"result.159",14,9,0,140.38900235,100.36320168,113.5060019,1599287.05347288,1498,20,0.444506529582682
"result.1082",9,3,4,139.10832722,97.980647868,117.334849916,1599265.08982218,1491,20.5,0.444369476211337
"result.2139",10,5,8,137.99940231,97.97360164,118.28520198,1599251.23517381,1485,20,0.444283023085028
"result.1928",7,8,7,136.20720228,99.76580167,117.68780197,1599238.44292414,1475,20,0.444203199335866
"result.3548",11,13,13,135.08870712,100.15197252,118.20261873,1599210.56696644,1469,19,0.444029253117387
"result.1020",11,15,3,136.853996744,102.640497558,113.848367981,1599200.96539019,1479,19.5,0.443969339198158
"result.487",6,14,1,135.60980227,103.35020173,114.10340191,1599193.45684614,1472,20,0.44392248581798
"result.1030",5,0,4,138.34754754,97.33300911,118.75851426,1599176.39490398,1487,21,0.443816019150499
"result.443",10,11,1,137.99940231,101.5580017,114.10340191,1599152.73485137,1485,20,0.443668380216482
"result.3000",7,11,11,134.494445076,100.28094589,118.567471317,1599146.77622907,1466,19.5,0.443631198361539
"result.1966",13,10,7,138.033772578,99.691057973,116.207919649,1599106.13435823,1485,19.5,0.443377592734076
"result.2327",6,1,9,137.293870778,96.77101024,120.358943986,1599096.94268832,1481,20.5,0.443320236633946
"result.3422",13,5,13,138.033772578,96.741618388,119.747247151,1599058.10305632,1485,19.5,0.443077876992527
"result.1366",5,5,5,136.689051964,99.190285496,117.93966873,1599052.69344257,1478,20.5,0.443044120955685
"result.1471",14,11,5,138.623660495,100.28094589,115.028143815,1599042.09262235,1488,19.5,0.442977971745345
"result.1855",14,3,7,140.38900235,96.77880162,117.68780197,1598986.43560568,1498,20,0.442630671477379
"result.113",0,7,0,135.28676109,101.61811014,116.3098851,1598980.03046464,1470,21,0.442590703341566
"result.2461",12,9,9,137.443884661,99.101170056,117.387695483,1598920.16700982,1482,19.5,0.442217154862952
"result.3173",4,6,12,134.41500225,98.57100165,120.67480202,1598871.30535867,1465,20,0.441912257734921
"result.3077",4,0,12,136.08423315,96.166191426,122.173400428,1598846.93444982,1475,20.5,0.441760183051772
"result.1314",1,2,5,135.89891838,98.55732369,119.37067155,1598830.92195346,1474,21,0.44166026493525
"result.3888",15,2,15,139.213548412,94.971954637,120.927022985,1598822.46231022,1491,19.5,0.441607476687838
"result.1577",8,2,6,138.503508406,97.375829054,118.544487544,1598796.93280212,1488,20.5,0.441448172335337
"result.2423",6,7,9,135.60980227,99.16840166,118.88260199,1598757.88074495,1472,20,0.44120448715902
"result.3706",9,7,14,135.67422091,97.921394222,120.337135068,1598728.0418022,1472,19.5,0.441018291896759
"result.976",15,12,3,139.213548412,100.870833807,113.848367981,1598725.57865851,1491,19.5,0.441002921858731
"result.4043",10,12,15,134.50642821,99.56969361,119.36717655,1598656.40643171,1466,19,0.440571286562014
"result.3100",11,1,12,138.59680232,95.5840016,120.67480202,1598655.96915593,1488,20,0.440568557957364
"result.3384",7,3,13,136.20720228,96.77880162,121.27220203,1598606.50579055,1475,20,0.440259906127272
"result.2634",9,4,10,137.4020023,97.37620163,119.480002,1598604.80015726,1482,20,0.440249262960716
"result.2672",15,6,10,139.213548412,97.331506305,117.9775834,1598580.25318095,1491,19.5,0.440096089615073
"result.660",3,9,2,135.479414336,101.609560752,116.125212288,1598580.11149794,1471,20.5,0.440095205511857
"result.2611",2,3,10,134.874595522,97.980647868,120.9637628,1598548.252041,1468,20.5,0.43989640222351
"result.69",4,4,0,137.73539025,99.78163827,116.3098851,1598500.58925178,1483,21,0.439598986004334
"result.1861",4,4,7,136.08423315,98.585466682,119.149306358,1598498.47163952,1474,20.5,0.439585772085466
"result.2956",11,8,11,136.853996744,98.511282139,118.567471317,1598486.65372082,1479,19.5,0.439512028170005
"result.1755",10,13,6,136.264108827,101.460721724,115.618031732,1598471.8748587,1475,19.5,0.439419807941836
"result.1222",5,12,4,135.01240226,102.15540171,115.89560194,1598460.67414434,1469,20,0.439349915386827
"result.1155",2,8,4,134.874595522,101.004741938,117.334849916,1598449.57622297,1468,20.5,0.439280664260988
"result.165",4,10,0,136.08423315,102.214379566,114.91557466,1598448.69123805,1474,20.5,0.439275141947423
"result.2250",9,12,8,135.67422091,100.870833807,116.797807566,1598444.78027814,1472,19.5,0.439250737523527
"result.2350",13,2,9,139.79160234,96.18140161,118.88260199,1598418.45972043,1494,20,0.439086497014592
"result.3504",15,10,13,137.41782276,98.40513579,118.20261873,1598409.03801346,1482,19,0.439027705481186
"result.2798",13,14,10,136.25326494,100.73425143,116.455782,1598398.7721254,1475,19,0.438963646250378
"result.1717",4,11,6,134.41500225,101.5580017,117.09040196,1598391.59599613,1465,20,0.438918867141352
"result.280",7,1,1,139.57186212,97.9451664,116.92204239,1598369.83255736,1493,21,0.438783063094179
"result.894",13,7,3,139.79160234,99.16840166,115.29820193,1598368.56994673,1494,20,0.438775184392861
"result.2303",14,15,8,136.83554385,101.31653034,115.29122418,1598363.23635901,1478,19,0.438741902759118
"result.3850",9,0,15,137.4020023,94.98660159,122.46700205,1598359.61537196,1481,20,0.438719307768447
"result.1389",12,6,5,139.19420233,98.57100165,116.49300195,1598343.62505988,1491,20,0.438619528081995
"result.1293",12,0,5,140.922783662,96.166191426,117.93966873,1598319.26219423,1500,20.5,0.438467503588509
"result.564",3,3,2,137.12323296,99.16948098,117.53419968,1598281.74383691,1480,21,0.438233388712602
"result.727",6,13,2,135.60980227,102.75280172,114.70080192,1598273.90729919,1472,20,0.438184488649062
"result.1260",11,14,4,136.853996744,102.050609641,114.438255898,1598248.54983103,1478,19.5,0.438026257827286
"result.1178",9,9,4,137.4020023,100.36320168,115.89560194,1598212.50450078,1481,20,0.437801334653085
"result.3293",12,13,12,135.67098603,100.15197252,117.62033982,1598191.87499665,1472,19,0.43767260636793
"result.2745",8,11,10,135.084332993,100.28094589,117.9775834,1598169.72923303,1469,19.5,0.437534416610386
"result.399",14,8,1,140.38900235,99.76580167,114.10340191,1598134.68498197,1497,20,0.437315740179019
"result.3917",12,4,15,137.443884661,96.151730471,120.927022985,1598107.12433098,1482,19.5,0.437143761477172
"result.1673",8,8,6,136.80460229,99.76580167,117.09040196,1598099.07988706,1478,20,0.437093564077184
"result.616",7,6,2,137.898689592,99.79510431,116.125212288,1598070.36018687,1484,20.5,0.436914352898292
"result.2072",7,1,8,137.898689592,96.77101024,119.754125172,1598070.36018687,1484,20.5,0.436914352898292
"result.683",10,10,2,137.99940231,100.96060169,114.70080192,1598069.2313045,1485,20,0.436907308662473
"result.1884",11,5,7,138.59680232,97.97360164,117.68780197,1598062.40877134,1488,20,0.436864735996254
"result.332",11,4,1,140.317964848,98.585466682,115.520393474,1598029.65088078,1497,20.5,0.436660326474292
"result.2918",5,6,11,135.01240226,98.57100165,120.07740201,1598027.0168806,1468,20,0.436643890290239
"result.2822",5,0,11,136.689051964,96.166191426,121.568581614,1598002.65884087,1477,20.5,0.436491895910552
"result.121",8,7,0,138.503508406,100.399923124,114.91557466,1597986.28661994,1487,20.5,0.436389733109595
"result.3167",14,5,12,138.623660495,96.741618388,119.157359234,1597980.88821699,1488,19.5,0.436356047028231
"result.775",6,0,3,138.95970483,97.33300911,118.14635697,1597972.74512221,1490,21,0.436305234045974
"result.1809",0,1,7,135.28676109,97.9451664,120.59498613,1597966.09258863,1470,21,0.436263722178615
"result.827",10,3,3,139.713146034,97.980647868,116.730031102,1597938.93992699,1494,20.5,0.436094289333856
"result.1111",6,5,4,137.293870778,99.190285496,117.334849916,1597891.59323403,1481,20.5,0.435798845558116
"result.232",7,14,0,136.20720228,103.35020173,113.5060019,1597828.73701075,1475,20,0.435406622178231
"result.3451",10,7,13,136.264108827,97.921394222,119.747247151,1597808.05763492,1475,19.5,0.435277582693259
"result.3999",14,9,15,136.83554385,97.82285688,119.36717655,1597806.50935227,1478,19,0.435267921396042
"result.1059",2,2,4,136.51107567,98.55732369,118.75851426,1597796.79707902,1476,21,0.43520731672652
"result.1711",14,10,6,138.623660495,99.691057973,115.618031732,1597787.94196147,1488,19.5,0.435152060716029
"result.765",12,15,2,137.443884661,102.640497558,113.258480064,1597772.34205145,1481,19.5,0.43505471714185
"result.3788",11,12,14,135.08870712,99.56969361,118.78489764,1597744.91402386,1469,19,0.43488356601119
"result.2168",7,7,8,136.20720228,99.16840166,118.28520198,1597731.51591327,1475,20,0.4347999616846
"result.2206",13,9,8,138.033772578,99.101170056,116.797807566,1597713.22660295,1485,19.5,0.434685836229175
"result.353",0,6,1,135.28676109,101.00595285,116.92204239,1597712.60811963,1470,21,0.434681976887877
"result.3129",8,3,12,136.80460229,96.77880162,120.67480202,1597708.48986387,1478,20,0.434656278936109
"result.2356",3,3,9,135.479414336,97.980647868,120.358943986,1597688.04670357,1471,20.5,0.434528713438117
"result.188",11,11,0,138.59680232,101.5580017,113.5060019,1597666.70184829,1488,20,0.434395521355514
"result.3240",7,10,12,134.494445076,99.691057973,119.157359234,1597649.18486708,1465,19.5,0.434286215240444
"result.1600",15,3,6,140.98640236,96.77880162,117.09040196,1597639.41171566,1500,20,0.434225230690636
"result.1216",15,11,4,139.213548412,100.28094589,114.438255898,1597611.41666387,1491,19.5,0.434050541324014
"result.2845",12,1,11,139.19420233,95.5840016,120.07740201,1597598.47651672,1491,20,0.433969794693318
"result.1322",9,2,5,139.10832722,97.375829054,117.93966873,1597585.83094589,1490,20.5,0.433890886221333
"result.2379",10,4,9,137.99940231,97.37620163,118.88260199,1597527.47953107,1484,20,0.433526772885469
"result.3595",10,0,14,137.99940231,94.98660159,121.86960204,1597478.22936985,1484,20,0.433219451451196
"result.1606",5,4,6,136.689051964,98.585466682,118.544487544,1597452.64071617,1477,20.5,0.433059778029769
"result.2701",12,8,10,137.443884661,98.511282139,117.9775834,1597389.73373199,1481,19.5,0.432667237901483
"result.3879",6,2,15,135.60980227,96.18140161,122.46700205,1597354.35775223,1471,20,0.432446491480146
"result.405",4,9,1,136.08423315,101.609560752,115.520393474,1597353.52240569,1474,20.5,0.432441278910464
"result.900",3,8,3,135.479414336,101.004741938,116.730031102,1597341.13261688,1471,20.5,0.432363966520551
"result.1462",5,11,5,135.01240226,101.5580017,116.49300195,1597304.25477436,1468,20,0.432133848462594
"result.1995",10,12,7,136.264108827,100.870833807,116.207919649,1597286.48695909,1475,19.5,0.432022977140804
"result.967",6,12,3,135.60980227,102.15540171,115.29820193,1597257.56306308,1471,20,0.431842491778154
"result.2543",14,14,9,136.83554385,100.73425143,115.87350309,1597203.3884283,1478,19,0.431504441586043
"result.1500",11,13,5,136.853996744,101.460721724,115.028143815,1597200.89271595,1478,19.5,0.431488868319328
"result.2095",14,2,8,140.38900235,96.18140161,118.28520198,1597182.72840252,1497,20,0.431375522845557
"result.3662",13,4,14,138.033772578,96.151730471,120.337135068,1597136.85098008,1484,19.5,0.431089247330597
"result.2490",9,11,9,135.67422091,100.28094589,117.387695483,1597122.89316585,1472,19.5,0.431002150448437
"result.2663",6,6,10,135.60980227,98.57100165,119.480002,1597112.37102935,1471,20,0.430936492225167
"result.3038",13,13,11,136.25326494,100.15197252,117.03806091,1597105.27022888,1475,19,0.430892183168507
"result.1957",4,10,7,134.41500225,100.96060169,117.68780197,1597096.38071726,1465,20,0.430836712538715
"result.2567",6,0,10,137.293870778,96.166191426,120.9637628,1597088.02693118,1480,20.5,0.430784584840898
"result.1395",2,7,5,134.874595522,100.399923124,117.93966873,1597068.11477059,1467,20.5,0.430660332785681
"result.2048",15,15,7,137.41782276,101.31653034,114.70894527,1597057.88920703,1481,19,0.430596525180161
"result.309",4,3,1,137.73539025,99.16948098,116.92204239,1597055.3836819,1483,21,0.430580890681576
"result.1554",1,1,6,135.89891838,97.9451664,119.98282884,1597048.50175062,1473,21,0.430537947370515
"result.3413",4,5,13,134.41500225,97.97360164,121.27220203,1597048.40978101,1465,20,0.430537373479358
"result.25",8,1,0,140.18401941,97.9451664,116.3098851,1596975.09448357,1496,21,0.430079885385867
"result.1817",8,1,7,138.503508406,96.77101024,119.149306358,1596972.97889222,1487,20.5,0.43006668407742
"result.1134",13,6,4,139.79160234,98.57100165,115.89560194,1596971.656283,1494,20,0.430058430984387
"result.472",7,13,1,136.20720228,102.75280172,114.10340191,1596953.74713347,1474,20,0.42994667773556
"result.1418",9,8,5,137.4020023,99.76580167,116.49300195,1596888.50666016,1481,20,0.429539576614834
"result.923",10,9,3,137.99940231,100.36320168,115.29820193,1596887.22743519,1484,20,0.429531594239919
"result.3946",9,6,15,135.67422091,97.331506305,120.927022985,1596886.8418958,1471,19.5,0.429529188470743
"result.639",14,7,2,140.38900235,99.16840166,114.70080192,1596882.11053533,1497,20,0.429499664740254
"result.1005",12,14,3,137.443884661,102.050609641,113.848367981,1596863.64729274,1481,19.5,0.429384453945978
"result.2912",15,5,11,139.213548412,96.741618388,118.567471317,1596836.3474502,1490,19.5,0.429214102691166
"result.3196",11,7,12,136.853996744,97.921394222,119.157359234,1596819.92649229,1478,19.5,0.42911163577098
"result.1629",12,5,6,139.19420233,97.97360164,117.09040196,1596803.65140403,1490,20,0.429010079078727
"result.3744",15,9,14,137.41782276,97.82285688,118.78489764,1596778.34117811,1481,19,0.428852143048915
"result.4096",15,15,15,135.598320108,99.975032622,117.786676365,1596768.77376171,1471,18.5,0.428792442287366
"result.3533",12,12,13,135.67098603,99.56969361,118.20261873,1596765.90365988,1471,19,0.428774532826974
"result.2101",4,3,8,136.08423315,97.980647868,119.754125172,1596756.15758804,1474,20.5,0.428713717253941
"result.2874",9,3,11,137.4020023,96.77880162,120.07740201,1596741.39578898,1481,20,0.428621603499474
"result.361",8,6,1,138.503508406,99.79510431,115.520393474,1596719.65196029,1487,20.5,0.428485921819376
"result.2985",8,10,11,135.084332993,99.691057973,118.567471317,1596712.57447991,1468,19.5,0.428441758280254
"result.520",7,0,2,139.57186212,97.33300911,117.53419968,1596696.14686882,1492,21,0.428339249844204
"result.804",3,2,3,137.12323296,98.55732369,118.14635697,1596688.80614211,1479,21,0.428293443645739
"result.856",7,5,3,137.898689592,99.190285496,116.730031102,1596657.92426247,1483,20.5,0.428100740448202
"result.1913",8,7,7,136.80460229,99.16840166,117.68780197,1596634.36730009,1477,20,0.427953744798152
"result.428",11,10,1,138.59680232,100.96060169,114.10340191,1596627.97117526,1487,20,0.427913832923572
"result.2851",2,2,11,134.874595522,97.375829054,121.568581614,1596624.07358946,1467,20.5,0.427889511954332
"result.3624",7,2,14,136.20720228,96.18140161,121.86960204,1596564.86274356,1474,20,0.42752003576104
"result.572",11,3,2,140.317964848,97.980647868,116.125212288,1596541.10625368,1496,20.5,0.427371795057593
"result.98",1,6,0,135.89891838,101.00595285,116.3098851,1596539.23883552,1472,21,0.42736014235202
"result.17",0,1,0,136.887259665,99.1038984,117.68587935,1596533.82682063,1478,21.5,0.42732637133204
"result.144",15,8,0,140.98640236,99.76580167,113.5060019,1596532.45571107,1500,20,0.427317815596496
"result.3340",11,0,13,138.59680232,94.98660159,121.27220203,1596529.04444449,1487,20,0.427296529263386
"result.77",12,4,0,140.922783662,98.585466682,114.91557466,1596514.99919869,1499,20.5,0.427208886807419
"result.2590",13,1,10,139.79160234,95.5840016,119.480002,1596472.75854595,1493,20,0.426945304767075
"result.1951",14,9,7,138.623660495,99.101170056,116.207919649,1596437.31817283,1487,19.5,0.426724156530612
"result.1456",15,10,5,139.213548412,99.691057973,115.028143815,1596400.37101752,1490,19.5,0.426493605960191
"result.2124",11,4,8,138.59680232,97.37620163,118.28520198,1596380.65434835,1487,20,0.426370573773109
"result.593",0,5,2,135.28676109,100.39379556,117.53419968,1596343.79198702,1469,21,0.426140552317894
"result.1351",6,4,5,137.293870778,98.585466682,117.93966873,1596334.68352225,1480,20.5,0.426083715418505
"result.1067",10,2,4,139.713146034,97.375829054,117.334849916,1596303.48780399,1493,20.5,0.425889053865332
"result.510",13,15,1,138.033772578,102.640497558,112.668592147,1596272.28754577,1484,19.5,0.425694363982728
"result.3158",5,5,12,135.01240226,97.97360164,120.67480202,1596244.20368522,1468,20,0.425519120448716
"result.2446",13,8,9,138.033772578,98.511282139,117.387695483,1596224.25624386,1484,19.5,0.425394648241181
"result.4028",11,11,15,135.08870712,98.9874147,119.36717655,1596187.65777238,1468,19,0.425166273460857
"result.645",4,8,2,136.08423315,101.004741938,116.125212288,1596158.79277038,1473,20.5,0.424986155597419
"result.1207",6,11,4,135.60980227,101.5580017,115.89560194,1596144.42413781,1471,20,0.424896495205254
"result.2408",7,6,9,136.20720228,98.57100165,118.88260199,1596127.36780492,1474,20,0.424790063539705
"result.2312",7,0,9,137.898689592,96.166191426,120.358943986,1596103.03872073,1483,20.5,0.424638249842809
"result.3407",14,4,13,138.623660495,96.151730471,119.747247151,1596099.66222567,1487,19.5,0.424617180484258
"result.1740",11,12,6,136.853996744,100.870833807,115.618031732,1596057.99404496,1477,19.5,0.424357170674282
"result.1784",7,15,6,134.494445076,102.640497558,115.618031732,1596057.99404496,1465,19.5,0.424357170674282
"result.3480",7,9,13,134.494445076,99.101170056,119.747247151,1596057.99404496,1465,19.5,0.424357170674282
"result.1299",2,1,5,136.51107567,97.9451664,119.37067155,1596057.50364556,1476,21,0.424354110577766
"result.150",5,9,0,136.689051964,101.609560752,114.91557466,1596052.59458058,1477,20.5,0.424323477969591
"result.1702",5,10,6,135.01240226,100.96060169,117.09040196,1596051.46712356,1467,20,0.424316442628011
"result.2049",0,0,8,135.28676109,97.33300911,121.20714342,1596039.61062422,1469,21,0.424242457969009
"result.2235",10,11,8,136.264108827,100.28094589,116.797807566,1596006.26802752,1474,19.5,0.424034399875692
"result.3691",10,6,14,136.264108827,97.331506305,120.337135068,1596006.26802752,1474,19.5,0.424034399875692
"result.1140",3,7,4,135.479414336,100.399923124,117.334849916,1596003.03542533,1470,20.5,0.42401422840994
"result.712",7,12,2,136.20720228,102.15540171,114.70080192,1595981.53615871,1474,20,0.42388007279926
"result.2783",14,13,10,136.83554385,100.15197252,116.455782,1595950.75266312,1477,19,0.423687983519123
"result.2288",15,14,8,137.41782276,100.73425143,115.29122418,1595939.69709136,1480,19,0.423618996655175
"result.1840",15,2,7,140.98640236,96.18140161,117.68780197,1595878.34534472,1499,20,0.423236161222687
"result.1245",12,13,4,137.443884661,101.460721724,114.438255898,1595859.30045417,1481,19.5,0.423117320940015
"result.1562",9,1,6,139.10832722,96.77101024,118.544487544,1595804.79880436,1489,20.5,0.42277723017133
"result.2596",3,2,10,135.479414336,97.375829054,120.9637628,1595804.79880436,1470,20.5,0.42277723017133
"result.2941",12,7,11,137.443884661,97.921394222,118.567471317,1595763.6483743,1480,19.5,0.422520451129923
"result.54",5,3,0,138.34754754,99.16948098,116.3098851,1595754.69866901,1485,21,0.422464604891094
"result.1846",5,3,7,136.689051964,97.980647868,119.149306358,1595752.58469438,1476,20.5,0.422451413670982
"result.3278",13,12,12,136.25326494,99.56969361,117.62033982,1595719.37533975,1474,19,0.422244187009361
"result.3369",8,2,13,136.80460229,96.18140161,121.27220203,1595706.71599501,1477,20,0.422165192588099
"result.2730",9,10,10,135.67422091,99.691057973,117.9775834,1595706.58554554,1471,19.5,0.422164378582271
"result.2197",4,9,8,134.41500225,100.36320168,118.28520198,1595705.22356588,1464,20,0.422155879817363
"result.2619",10,3,10,137.99940231,96.77880162,119.480002,1595705.22356588,1483,20,0.422155879817363
"result.1163",10,8,4,137.99940231,99.76580167,115.89560194,1595606.72324344,1483,20,0.421541236948817
"result.1635",2,6,6,134.874595522,99.79510431,118.544487544,1595587.97750018,1466,20.5,0.421424263347851
"result.217",8,13,0,136.80460229,102.75280172,113.5060019,1595560.24473632,1477,20,0.421251210660196
"result.879",14,6,3,140.38900235,98.57100165,115.29820193,1595529.33013295,1496,20,0.421058303266388
"result.3085",12,0,12,139.19420233,94.98660159,120.67480202,1595512.0605959,1490,20,0.420950541205019
"result.549",4,2,2,137.73539025,98.55732369,117.53419968,1595506.94914275,1482,21,0.420918645692907
"result.668",11,9,2,138.59680232,100.36320168,114.70080192,1595490.31377147,1487,20,0.420814840831445
"result.1374",13,5,5,139.79160234,97.97360164,116.49300195,1595474.96307186,1493,20,0.42071905233245
"result.1658",9,7,6,137.4020023,99.16840166,117.09040196,1595466.43490542,1480,20,0.420665836499676
"result.750",13,14,2,138.033772578,102.050609641,113.258480064,1595407.72411146,1483,19.5,0.42029948063486
"result.2903",6,5,11,135.60980227,97.97360164,120.07740201,1595370.06662459,1470,20,0.420064497589323
"result.601",8,5,2,138.503508406,99.190285496,116.125212288,1595351.68652786,1486,20.5,0.419949805625939
"result.265",8,0,1,140.18401941,97.33300911,116.92204239,1595346.60014381,1495,21,0.419918066545191
"result.384",15,7,1,140.98640236,99.16840166,114.10340191,1595324.86734243,1499,20,0.419782453675617
"result.106",9,6,0,139.10832722,99.79510431,114.91557466,1595295.93247822,1489,20.5,0.419601899871329
"result.2335",14,1,9,140.38900235,95.5840016,118.88260199,1595278.81524362,1496,20,0.419495088178635
"result.3773",12,11,14,135.67098603,98.9874147,118.78489764,1595247.93417234,1471,19,0.419302390025309
"result.338",1,5,1,135.89891838,100.39379556,116.92204239,1595215.15525626,1472,21,0.419097849303931
"result.1869",12,4,7,139.19420233,97.37620163,117.68780197,1595164.3246091,1490,20,0.418780665623637
"result.1794",1,0,7,135.89891838,97.33300911,120.59498613,1595164.22896475,1472,21,0.41878006880208
"result.3225",8,9,12,135.084332993,99.101170056,119.157359234,1595161.40974271,1467,19.5,0.418762476832048
"result.1096",7,4,4,137.898689592,98.585466682,117.334849916,1595144.60005774,1483,20.5,0.418657584251678
"result.3902",13,3,15,138.033772578,95.561842554,120.927022985,1595119.53630002,1483,19.5,0.41850118618557
"result.173",12,10,0,139.19420233,100.96060169,113.5060019,1595114.64803955,1490,20,0.418470683397724
"result.1696",15,9,6,139.213548412,99.101170056,115.618031732,1595092.44171946,1490,19.5,0.418332115767261
"result.2153",8,6,8,136.80460229,98.57100165,118.28520198,1595072.00720733,1477,20,0.418204604233852
"result.317",12,3,1,140.922783662,97.980647868,115.520393474,1595071.58880225,1499,20.5,0.418201993382547
"result.3436",11,6,13,136.853996744,97.331506305,119.747247151,1595057.95770784,1477,19.5,0.418116935234867
"result.3984",15,8,15,137.41782276,97.24057797,119.36717655,1595054.46166645,1480,19,0.418095119906226
"result.2057",8,0,8,138.503508406,96.166191426,119.754125172,1595047.69420955,1486,20.5,0.418052890916286
"result.3152",15,4,12,139.213548412,96.151730471,119.157359234,1594995.55806775,1490,19.5,0.417727560938155
"result.1044",3,1,4,137.12323296,97.9451664,118.75851426,1594993.09827346,1478,21,0.41771221180037
"result.2191",14,8,8,138.623660495,98.511282139,116.797807566,1594990.22125643,1486,19.5,0.417694259189095
"result.2024",7,14,7,134.494445076,102.050609641,116.207919649,1594981.60025352,1464,19.5,0.417640464055996
"result.3067",10,15,11,134.50642821,101.31653034,117.03806091,1594962.46351569,1464,19,0.41752105064552
"result.812",11,2,3,140.317964848,97.375829054,116.730031102,1594949.90337643,1495,20.5,0.417442675267328
"result.1447",6,10,5,135.60980227,100.96060169,116.49300195,1594934.4905234,1470,20,0.417346498930363
"result.2341",4,2,9,136.08423315,97.375829054,120.358943986,1594914.2827336,1473,20.5,0.417220402146329
"result.952",7,11,3,136.20720228,101.5580017,115.29820193,1594912.10408648,1473,20,0.417206807369329
"result.257",0,0,1,136.887259665,98.484499035,118.305278715,1594905.78245775,1477,21.5,0.41716736035109
"result.390",5,8,1,136.689051964,101.004741938,115.520393474,1594902.55668348,1476,20.5,0.41714723149159
"result.1529",8,15,5,135.084332993,102.640497558,115.028143815,1594879.37979049,1467,19.5,0.417002607477829
"result.833",0,4,3,135.28676109,99.78163827,118.14635697,1594873.58206681,1468,21,0.416966429631615
"result.885",4,7,3,136.08423315,100.399923124,116.730031102,1594864.50233213,1473,20.5,0.416909772008285
"result.1980",11,11,7,136.853996744,100.28094589,116.207919649,1594819.85381805,1477,19.5,0.41663116489215
"result.3114",9,2,12,137.4020023,96.18140161,120.67480202,1594779.91750658,1480,20,0.416381961961323
"result.1485",12,12,5,137.443884661,100.870833807,115.028143815,1594759.30153573,1480,19.5,0.416253318123958
"result.2528",15,13,9,137.41782276,100.15197252,115.87350309,1594728.32229938,1480,19,0.416060007419772
"result.1942",5,9,7,135.01240226,100.36320168,117.68780197,1594702.31119193,1467,20,0.415897697883074
"result.255",14,15,0,138.623660495,102.640497558,112.07870423,1594700.80187315,1486,19.5,0.41588827972079
"result.1591",6,3,6,137.293870778,97.980647868,118.544487544,1594677.3280226,1479,20.5,0.415741802689241
"result.2686",13,7,10,138.033772578,97.921394222,117.9775834,1594639.22328096,1483,19.5,0.415504028770087
"result.457",8,12,1,136.80460229,102.15540171,114.10340191,1594632.59343124,1477,20,0.415462658450143
"result.2475",10,10,9,136.264108827,99.691057973,117.387695483,1594631.21806398,1474,19.5,0.415454076146496
"result.3023",14,12,11,136.83554385,99.56969361,117.03806091,1594605.32906349,1477,19,0.415292528558355
"result.3091",2,1,12,134.874595522,96.77101024,122.173400428,1594601.21931991,1466,20.5,0.415266883722633
"result.2364",11,3,9,138.59680232,96.77880162,118.88260199,1594599.97319458,1486,20,0.415259107889779
"result.1307",10,1,5,139.713146034,96.77101024,117.93966873,1594565.81992331,1492,20.5,0.415045991180023
"result.1380",3,6,5,135.479414336,99.79510431,117.93966873,1594565.81992331,1469,20.5,0.415045991180023
"result.990",13,13,3,138.033772578,101.460721724,113.848367981,1594447.09807334,1483,19.5,0.414305165803895
"result.2830",13,0,11,139.79160234,94.98660159,120.07740201,1594427.27782407,1492,20,0.414181487276095
"result.2648",7,5,10,136.20720228,97.97360164,119.480002,1594425.9985991,1473,20,0.414173504901178
"result.3864",7,1,15,136.20720228,95.5840016,122.46700205,1594425.9985991,1473,20,0.414173504901178
"result.3720",7,8,14,134.494445076,98.511282139,120.337135068,1594373.20376271,1464,19.5,0.413844064663052
"result.3398",5,4,13,135.01240226,97.37620163,121.27220203,1594365.02220902,1467,20,0.41379301169684
"result.908",11,8,3,138.59680232,99.76580167,115.29820193,1594253.72963691,1486,20,0.413098545079132
"result.294",5,2,1,138.34754754,98.55732369,116.92204239,1594251.22608092,1485,21,0.413082922868021
"result.3518",13,11,13,136.25326494,98.9874147,118.20261873,1594241.08745802,1473,19,0.413019657772939
"result.1403",10,7,5,137.99940231,99.16840166,116.49300195,1594227.71872925,1483,20,0.41293623678917
"result.1539",2,0,6,136.51107567,97.33300911,119.98282884,1594215.89883366,1475,21,0.412862480537909
"result.2970",9,9,11,135.67422091,99.101170056,118.567471317,1594195.85741722,1470,19.5,0.412737421925027
"result.3647",14,3,14,138.623660495,95.561842554,120.337135068,1594121.96310659,1486,19.5,0.412276320784183
"result.3931",10,5,15,136.264108827,96.741618388,120.927022985,1594109.64738815,1473,19.5,0.412199470594043
"result.1119",14,5,4,140.38900235,97.97360164,115.89560194,1594076.34377485,1495,20,0.411991655757422
"result.3181",12,6,12,137.443884661,97.331506305,119.157359234,1594041.91093675,1480,19.5,0.41177679454827
"result.413",12,9,1,139.19420233,100.36320168,114.10340191,1594021.7635096,1489,20,0.411651074427663
"result.624",15,6,2,140.98640236,98.57100165,114.70080192,1594016.64660973,1499,20,0.411619144927999
"result.2080",15,1,8,140.98640236,95.5840016,118.28520198,1594016.64660973,1499,20,0.411619144927999
"result.83",2,5,0,136.51107567,100.39379556,116.3098851,1594011.27607678,1475,21,0.411585632755702
"result.1875",2,5,7,134.874595522,99.190285496,119.149306358,1594009.16441174,1466,20.5,0.411572455947501
"result.346",9,5,1,139.10832722,99.190285496,115.520393474,1593972.88003023,1489,20.5,0.411346041091327
"result.2086",5,2,8,136.689051964,97.375829054,119.754125172,1593952.52537718,1476,20.5,0.411219027879327
"result.1898",9,6,7,137.4020023,98.57100165,117.68780197,1593946.28923656,1479,20,0.411180114307609
"result.10",9,0,0,140.7961767,97.33300911,116.3098851,1593924.10494717,1498,21,0.411041684148933
"result.1802",9,0,7,139.10832722,96.166191426,119.149306358,1593921.99339761,1489,20.5,0.411028508061326
"result.2812",11,15,10,135.08870712,101.31653034,116.455782,1593897.5750496,1467,19,0.410876137357423
"result.841",8,4,3,138.503508406,98.585466682,116.730031102,1593882.39032266,1485,20.5,0.410781384529283
"result.495",14,14,1,138.623660495,102.050609641,112.668592147,1593880.78028719,1486,19.5,0.41077133789393
"result.1614",13,4,6,139.79160234,97.37620163,117.09040196,1593878.49031332,1492,20,0.410757048437051
"result.789",4,1,3,137.73539025,97.9451664,118.14635697,1593855.28563432,1481,21,0.410612251038326
"result.1769",8,14,6,135.084332993,102.050609641,115.618031732,1593845.2699657,1467,19.5,0.410549753179025
"result.2836",3,1,11,135.479414336,96.77101024,121.568581614,1593822.43259467,1469,20.5,0.41040724778524
"result.2264",7,13,8,134.494445076,101.460721724,116.797807566,1593811.60700197,1464,19.5,0.410339695992642
"result.578",1,4,2,135.89891838,99.78163827,117.53419968,1593789.21909398,1471,21,0.410199995252143
"result.2859",10,2,11,137.99940231,96.18140161,120.07740201,1593784.46727826,1483,20,0.410170343880712
"result.1192",7,10,4,136.20720228,100.96060169,115.89560194,1593745.45091677,1473,20,0.409926881445768
"result.2",1,0,0,137.50665903,98.484499035,117.68587935,1593734.47452247,1480,21.5,0.409858388649864
"result.1936",15,8,7,139.213548412,98.511282139,116.207919649,1593687.6287697,1489,19.5,0.409566070745226
"result.3307",10,14,12,134.50642821,100.73425143,117.62033982,1593685.54497682,1464,19,0.409553067859571
"result.630",5,7,2,136.689051964,100.399923124,116.125212288,1593652.51549098,1475,20.5,0.409346963580717
"result.4013",12,10,15,135.67098603,98.40513579,119.36717655,1593637.96653405,1470,19,0.40925617796294
"result.1274",9,15,4,135.67422091,102.640497558,114.438255898,1593629.33436909,1470,19.5,0.409202313178561
"result.1687",6,9,6,135.60980227,100.36320168,117.09040196,1593627.76221983,1470,20,0.409192502953479
"result.179",2,11,0,134.874595522,102.81919838,114.91557466,1593614.46113963,1466,20.5,0.409109504097413
"result.697",8,11,2,136.80460229,101.5580017,114.70080192,1593607.29462036,1476,20,0.40906478495482
"result.3609",8,1,14,136.80460229,95.5840016,121.86960204,1593607.29462036,1476,20,0.40906478495482
"result.135",6,8,0,137.293870778,101.004741938,114.91557466,1593572.42435617,1479,20.5,0.408847194203065
"result.1725",12,11,6,137.443884661,100.28094589,115.618031732,1593563.65053743,1479,19.5,0.408792445497811
"result.3143",6,4,12,135.60980227,97.37620163,120.67480202,1593530.96753067,1470,20,0.408588503251487
"result.1336",7,3,5,137.898689592,97.980647868,117.93966873,1593530.38757271,1482,20.5,0.408584884308718
"result.557",12,2,2,140.922783662,97.375829054,116.125212288,1593525.07766322,1498,20.5,0.408551750427325
"result.3465",8,8,13,135.084332993,98.511282139,119.747247151,1593516.23502144,1467,19.5,0.40849657226577
"result.2220",11,10,8,136.853996744,99.691057973,116.797807566,1593486.47203522,1476,19.5,0.40831085097293
"result.1125",4,6,4,136.08423315,99.79510431,117.334849916,1593470.65109094,1472,20.5,0.408212128143064
"result.2431",14,7,9,138.623660495,97.921394222,117.387695483,1593446.65121227,1486,19.5,0.408062368691476
"result.2109",12,3,8,139.19420233,96.77880162,118.28520198,1593425.64467508,1489,20,0.407931287716721
"result.2768",15,12,10,137.41782276,99.56969361,116.455782,1593423.7648311,1479,19,0.407919557473954
"result.2393",8,5,9,136.80460229,97.97360164,118.88260199,1593411.99960876,1476,20,0.407846142384282
"result.1230",13,12,4,138.033772578,100.870833807,114.438255898,1593390.40943141,1483,19.5,0.407711419489833
"result.1073",0,3,4,135.28676109,99.16948098,118.75851426,1593301.978359,1468,21,0.407159608829041
"result.2575",14,0,10,140.38900235,94.98660159,119.480002,1593274.696129,1495,20,0.406989367476612
"result.2182",5,8,8,135.01240226,99.76580167,118.28520198,1593256.78697946,1466,20,0.406877614227785
"result.1052",11,1,4,140.317964848,96.77101024,117.334849916,1593256.04224904,1495,20.5,0.406872967103499
"result.202",9,12,0,137.4020023,102.15540171,113.5060019,1593210.73488066,1479,20,0.406590248730803
"result.3676",11,5,14,136.853996744,96.741618388,120.337135068,1593200.74736747,1476,19.5,0.406527926561668
"result.1284",3,0,5,137.12323296,97.33300911,119.37067155,1593194.62023095,1478,21,0.406489693176494
"result.3263",14,11,12,136.83554385,98.9874147,117.62033982,1593167.11762941,1476,19,0.406318076703742
"result.2715",10,9,10,136.264108827,99.101170056,117.9775834,1593161.33706847,1473,19.5,0.406282005953218
"result.3392",15,3,13,139.213548412,95.561842554,119.747247151,1593057.8850336,1489,19.5,0.405636464356038
"result.1620",3,5,6,135.479414336,99.190285496,118.544487544,1593029.48611079,1469,20.5,0.405459254830804
"result.2581",4,1,10,136.08423315,96.77101024,120.9637628,1592972.84707623,1472,20.5,0.405105826762629
"result.246",5,15,0,135.01240226,103.94760174,113.5060019,1592967.68213697,1466,20,0.405073597496727
"result.735",14,13,2,138.623660495,101.460721724,113.258480064,1592964.28557347,1486,19.5,0.405052402910969
"result.2926",13,6,11,138.033772578,97.331506305,118.567471317,1592958.12771425,1482,19.5,0.405013977815899
"result.39",6,2,0,138.95970483,98.55732369,116.3098851,1592921.63695664,1487,21,0.404786275171084
"result.1831",6,2,7,137.293870778,97.375829054,119.149306358,1592919.5267351,1478,20.5,0.404773107370324
"result.1148",11,7,4,138.59680232,99.16840166,115.89560194,1592918.21877159,1485,20,0.404764945666635
"result.653",12,8,2,139.19420233,99.76580167,114.70080192,1592829.52584056,1489,20,0.404211501005779
"result.2557",12,15,9,135.67098603,101.31653034,115.87350309,1592763.98410183,1470,19,0.403802519986225
"result.1643",10,6,6,137.99940231,98.57100165,117.09040196,1592750.21389261,1482,20,0.403716593760975
"result.1547",10,0,6,139.713146034,96.166191426,118.544487544,1592725.93628493,1491,20.5,0.403565101277932
"result.2604",11,2,10,138.59680232,96.18140161,119.480002,1592720.36531006,1485,20,0.403530338346266
"result.3354",9,1,13,137.4020023,95.5840016,121.27220203,1592720.36531006,1479,20,0.403530338346266
"result.2009",8,13,7,135.084332993,101.460721724,116.207919649,1592717.15015683,1466,19.5,0.403510275762148
"result.3758",13,10,14,136.25326494,98.40513579,118.78489764,1592670.40658368,1473,19,0.403218595459238
"result.3052",11,14,11,135.08870712,100.73425143,117.03806091,1592660.93037931,1466,19,0.40315946386157
"result.534",5,1,2,138.34754754,97.9451664,117.53419968,1592644.06572814,1484,21,0.403054228291633
"result.1514",9,14,5,135.67422091,102.050609641,115.028143815,1592637.91903488,1469,19.5,0.403015872872244
"result.323",2,4,1,136.51107567,99.78163827,116.92204239,1592630.07246786,1474,21,0.402966910225809
"result.2888",7,4,11,136.20720228,97.37620163,120.07740201,1592627.4082958,1472,20,0.402950285769022
"result.864",15,5,3,140.98640236,97.97360164,115.29820193,1592607.79351298,1498,20,0.402827889353641
"result.3960",7,7,15,134.494445076,97.921394222,120.927022985,1592594.81402035,1463,19.5,0.402746897206751
"result.3210",9,8,12,135.67422091,98.511282139,119.157359234,1592590.70878087,1469,19.5,0.402721280476705
"result.419",2,10,1,134.874595522,102.214379566,115.520393474,1592578.36505035,1465,20.5,0.402644255490933
"result.586",9,4,2,139.10832722,98.585466682,116.125212288,1592548.05431701,1488,20.5,0.402455116251324
"result.2504",7,12,9,134.494445076,100.870833807,117.387695483,1592548.01429028,1463,19.5,0.402454866484218
"result.1359",14,4,5,140.38900235,97.37620163,116.49300195,1592523.15146101,1495,20,0.402299722213354
"result.91",10,5,0,139.713146034,99.190285496,114.91557466,1592521.50476956,1491,20.5,0.402289446844367
"result.937",8,10,3,136.80460229,100.96060169,115.29820193,1592484.34830368,1476,20,0.402057590174229
"result.158",13,9,0,139.79160234,100.36320168,113.5060019,1592481.57664959,1492,20,0.402040295028577
"result.1432",7,9,5,136.20720228,100.36320168,116.49300195,1592481.57664959,1472,20,0.402040295028577
"result.3331",2,0,13,134.874595522,96.166191426,122.778219242,1592479.68923232,1465,20.5,0.402028517528411
"result.3638",5,3,14,135.01240226,96.77880162,121.86960204,1592389.47245198,1466,20,0.401465564034612
"result.375",6,7,1,137.293870778,100.399923124,115.520393474,1592367.07490188,1478,20.5,0.401325803127237
"result.2115",2,4,8,134.874595522,98.585466682,119.754125172,1592331.67550528,1465,20.5,0.401104910584627
"result.2138",9,5,8,137.4020023,97.97360164,118.28520198,1592328.06965358,1479,20,0.401082410038635
"result.3547",10,13,13,134.50642821,100.15197252,118.20261873,1592317.41797089,1463,19,0.401015943446054
"result.1081",8,3,4,138.503508406,97.980647868,117.334849916,1592311.76334469,1485,20.5,0.40098065852941
"result.1019",10,15,3,136.264108827,102.640497558,113.848367981,1592307.85778075,1473,19.5,0.400956287776476
"result.870",5,6,3,136.689051964,99.79510431,116.730031102,1592302.47100308,1475,20.5,0.400922674236976
"result.240",15,14,0,139.213548412,102.050609641,112.07870423,1592282.81581993,1488,19.5,0.40080002572319
"result.1965",12,10,7,137.443884661,99.691057973,116.207919649,1592272.34745926,1479,19.5,0.400734703061571
"result.818",1,3,3,135.89891838,99.16948098,118.14635697,1592261.43034869,1471,21,0.400666580196656
"result.1470",13,11,5,138.033772578,100.28094589,115.028143815,1592237.65818566,1482,19.5,0.400518241692675
"result.442",9,11,1,137.4020023,101.5580017,114.10340191,1592229.99573946,1479,20,0.400470427961727
"result.3421",12,5,13,137.443884661,96.741618388,119.747247151,1592224.52141933,1479,19.5,0.400436268156526
"result.1927",6,8,7,135.60980227,99.76580167,117.68780197,1592224.23922711,1469,20,0.400434507274605
"result.2176",15,7,8,139.213548412,97.921394222,116.797807566,1592185.93216822,1488,19.5,0.400195470894085
"result.1854",13,3,7,139.79160234,96.77880162,117.68780197,1592182.23800736,1491,20,0.40017241929819
"result.486",5,14,1,135.01240226,103.35020173,114.10340191,1592148.5517499,1466,20,0.39996221675873
"result.1029",4,0,4,137.73539025,97.33300911,118.75851426,1592100.39315661,1480,21,0.399661706717835
"result.2460",11,9,9,136.853996744,99.101170056,117.387695483,1592057.84869647,1476,19.5,0.399396228916623
"result.2320",15,0,9,140.98640236,94.98660159,118.88260199,1592054.31551068,1498,20,0.399374181806571
"result.2326",5,1,9,136.689051964,96.77101024,120.358943986,1592052.46276458,1475,20.5,0.399362620654801
"result.3887",14,2,15,138.623660495,94.971954637,120.927022985,1592047.79085975,1485,19.5,0.399333467928008
"result.3008",15,11,11,137.41782276,98.9874147,117.03806091,1592026.02468651,1479,19,0.399197646817722
"result.1365",4,5,5,136.08423315,99.190285496,117.93966873,1591977.23904681,1471,20.5,0.398893224001757
"result.975",14,12,3,138.623660495,100.870833807,113.848367981,1591951.31773199,1485,19.5,0.398731474771907
"result.797",12,1,3,140.922783662,96.77101024,116.730031102,1591875.46578158,1497,20.5,0.398258157941757
"result.1576",7,2,6,137.898689592,97.375829054,118.544487544,1591815.28680735,1481,20.5,0.397882640619322
"result.2671",14,6,10,138.623660495,97.331506305,117.9775834,1591806.60804035,1485,19.5,0.397828485037756
"result.3705",8,7,14,135.084332993,97.921394222,120.337135068,1591777.0503161,1466,19.5,0.397644044581417
"result.3099",10,1,12,137.99940231,95.5840016,120.67480202,1591765.21066819,1482,20,0.397570165075513
"result.3076",3,0,12,135.479414336,96.166191426,122.173400428,1591740.94807449,1468,20.5,0.397418766279844
"result.2422",5,7,9,135.01240226,99.16840166,118.88260199,1591714.89448616,1465,20,0.397256191662144
"result.2633",8,4,10,136.80460229,97.37620163,119.480002,1591654.3445044,1475,20,0.396878359249444
"result.3503",14,10,13,136.83554385,98.40513579,118.20261873,1591636.11836087,1475,19,0.396764627955283
"result.1313",0,2,5,135.28676109,98.55732369,119.37067155,1591628.98086358,1467,21,0.396720089910173
"result.2955",10,8,11,136.264108827,98.511282139,118.567471317,1591596.62504099,1472,19.5,0.396518189295858
"result.3383",6,3,13,135.60980227,96.77880162,121.27220203,1591595.07374761,1469,20,0.396508509211661
"result.2349",12,2,9,139.19420233,96.18140161,118.88260199,1591587.61160197,1488,20,0.396461945357984
"result.2797",12,14,10,135.67098603,100.73425143,116.455782,1591568.00814196,1469,19,0.396339619597034
"result.2302",13,15,8,136.25326494,101.31653034,115.29122418,1591561.69067238,1472,19,0.396300198531921
"result.1754",9,13,6,135.67422091,101.460721724,115.618031732,1591552.08319264,1469,19.5,0.396240247774849
"result.893",12,7,3,139.19420233,99.16840166,115.29820193,1591537.93503243,1488,20,0.396151963132071
"result.2249",8,12,8,135.084332993,100.870833807,116.797807566,1591495.02036388,1466,19.5,0.395884175227198
"result.1388",11,6,5,138.59680232,98.57100165,116.49300195,1591483.7811755,1485,20,0.395814042593953
"result.1292",11,0,5,140.317964848,96.166191426,117.93966873,1591459.52287151,1494,20.5,0.395662670566105
"result.480",15,13,1,139.213548412,101.460721724,112.668592147,1591410.86295456,1488,19.5,0.395359032261238
"result.3849",8,0,15,136.80460229,94.98660159,122.46700205,1591410.22573991,1475,20,0.395355056036272
"result.68",3,4,0,137.12323296,99.78163827,116.3098851,1591396.14218844,1477,21,0.395267174552617
"result.1860",3,4,7,135.479414336,98.585466682,119.149306358,1591394.03398779,1468,20.5,0.395254019362278
"result.1259",10,14,4,136.264108827,102.050609641,114.438255898,1591359.54746107,1472,19.5,0.395038823135652
"result.279",6,1,1,138.95970483,97.9451664,116.92204239,1591359.43855491,1487,21,0.395038143560293
"result.164",3,10,0,135.479414336,102.214379566,114.91557466,1591344.47483255,1468,20.5,0.394944769802626
"result.398",13,8,1,139.79160234,99.76580167,114.10340191,1591334.11185439,1491,20,0.394880104728759
"result.3292",11,13,12,135.08870712,100.15197252,117.62033982,1591332.6824001,1466,19,0.394871184921578
"result.1177",8,9,4,136.80460229,100.36320168,115.89560194,1591263.75448121,1475,20,0.394441074108369
"result.3916",11,4,15,136.853996744,96.151730471,120.927022985,1591248.29547119,1475,19.5,0.394344609751382
"result.726",5,13,2,135.01240226,102.75280172,114.70080192,1591233.05308201,1465,20,0.39424949711038
"result.3166",13,5,12,138.033772578,96.741618388,119.157359234,1591180.96954373,1482,19.5,0.393924495378614
"result.1883",10,5,7,137.99940231,97.97360164,117.68780197,1591174.20873354,1481,20,0.393882307864237
"result.682",9,10,2,137.4020023,100.96060169,114.70080192,1591151.18268413,1478,20,0.393738625115744
"result.563",2,3,2,136.51107567,99.16948098,117.53419968,1591146.5574805,1473,21,0.393709763804814
"result.331",10,4,1,139.713146034,98.585466682,115.520393474,1591141.59204078,1490,20.5,0.3936787794178
"result.1672",7,8,6,136.20720228,99.76580167,117.09040196,1591120.48128493,1472,20,0.393547048117756
"result.1104",15,4,4,140.98640236,97.37620163,115.89560194,1591098.30805217,1497,20,0.393408686952543
"result.615",6,6,2,137.293870778,99.79510431,116.125212288,1591061.27965974,1477,20.5,0.393177629461756
"result.2071",6,1,8,137.293870778,96.77101024,119.754125172,1591061.27965974,1477,20.5,0.393177629461756
"result.3632",15,2,14,139.213548412,94.971954637,120.337135068,1591023.32834773,1488,19.5,0.392940812944814
"result.826",9,3,3,139.10832722,97.980647868,116.730031102,1591021.45533856,1487,20.5,0.39292912535132
"result.120",7,7,0,137.898689592,100.399923124,114.91557466,1591008.18056483,1481,20.5,0.392846290647842
"result.3998",13,9,15,136.25326494,97.82285688,119.36717655,1591007.33271672,1472,19,0.392841000068263
"result.1710",13,10,6,138.033772578,99.691057973,115.618031732,1590988.8443361,1481,19.5,0.39272563241242
"result.774",5,0,3,138.34754754,97.33300911,118.14635697,1590933.21761066,1483,21,0.392378521161931
"result.2821",4,0,11,136.08423315,96.166191426,121.568581614,1590931.85061591,1471,20.5,0.392369991102842
"result.764",11,15,2,136.853996744,102.640497558,113.258480064,1590914.95002548,1475,19.5,0.392264531271577
"result.3450",9,7,13,135.67422091,97.921394222,119.747247151,1590891.1396365,1469,19.5,0.392115954237306
"result.2205",12,9,8,137.443884661,99.101170056,116.797807566,1590885.39230123,1478,19.5,0.392080090815239
"result.1599",14,3,6,140.38900235,96.77880162,117.09040196,1590869.75319144,1494,20,0.391982502634184
"result.3787",10,12,14,134.50642821,99.56969361,118.78489764,1590858.0824979,1462,19,0.39190967740497
"result.1110",5,5,4,136.689051964,99.190285496,117.334849916,1590852.42321979,1474,20.5,0.391874363460363
"result.1215",14,11,4,138.623660495,100.28094589,114.438255898,1590841.87676275,1485,19.5,0.391808553476743
"result.231",6,14,0,135.60980227,103.35020173,113.5060019,1590820.71623438,1468,20,0.391676511595731
"result.187",10,11,0,137.99940231,101.5580017,113.5060019,1590780.20744377,1481,20,0.39142373639005
"result.2844",11,1,11,138.59680232,95.5840016,120.07740201,1590741.83069476,1484,20,0.391184265142565
"result.3128",7,3,12,136.20720228,96.77880162,120.67480202,1590731.59689503,1471,20,0.391120406143236
"result.2167",6,7,8,135.60980227,99.16840166,118.28520198,1590723.92154523,1468,20,0.391072511893739
"result.1321",8,2,5,138.503508406,97.375829054,117.93966873,1590639.80559395,1484,20.5,0.39054762762632
"result.1058",1,2,4,135.89891838,98.55732369,118.75851426,1590631.78902037,1470,21,0.39049760413747
"result.2378",9,4,9,137.4020023,97.37620163,118.88260199,1590611.77615647,1478,20,0.390372723692753
"result.2416",15,6,9,139.213548412,97.331506305,117.387695483,1590587.35191504,1488,19.5,0.390220316213838
"result.3594",9,0,14,137.4020023,94.98660159,121.86960204,1590562.73919941,1478,20,0.3900667326543
"result.3248",15,10,12,137.41782276,98.40513579,117.62033982,1590535.10186562,1478,19,0.389894275451072
"result.2700",11,8,10,136.853996744,98.511282139,117.9775834,1590533.98380181,1475,19.5,0.389887298723229
"result.720",15,12,2,139.213548412,100.870833807,113.258480064,1590442.02643748,1487,19.5,0.389313483970179
"result.542",13,1,2,141.527602476,96.77101024,116.125212288,1590424.09052091,1500,20.5,0.389201563694797
"result.2542",13,14,9,136.25326494,100.73425143,115.87350309,1590406.77826477,1472,19,0.389093535065966
"result.2094",13,2,8,139.79160234,96.18140161,118.28520198,1590386.206154,1491,20,0.388965164915866
"result.1605",4,4,6,136.08423315,98.585466682,118.544487544,1590384.26619973,1471,20.5,0.388953059584363
"result.1994",9,12,7,135.67422091,100.870833807,116.207919649,1590371.82684239,1468,19.5,0.388875437886377
"result.3878",5,2,15,135.01240226,96.18140161,122.46700205,1590317.55441411,1465,20,0.388536777462031
"result.1499",10,13,5,136.264108827,101.460721724,115.028143815,1590316.40610942,1472,19.5,0.388529612030745
"result.3661",12,4,14,137.443884661,96.151730471,120.337135068,1590311.47982204,1478,19.5,0.388498871954689
"result.2047",14,15,7,136.83554385,101.31653034,114.70894527,1590290.69476124,1475,19,0.388369172994517
"result.3037",12,13,11,135.67098603,100.15197252,117.03806091,1590280.03403132,1468,19,0.388302649947139
"result.404",3,9,1,135.479414336,101.609560752,115.520393474,1590254.17341722,1467,20.5,0.388141279490276
"result.966",5,12,3,135.01240226,102.15540171,115.29820193,1590221.18613328,1465,20,0.387935438551679
"result.2489",8,11,9,135.084332993,100.28094589,117.387695483,1590178.88058687,1465,19.5,0.387671451574175
"result.1133",12,6,4,139.19420233,98.57100165,115.89560194,1590146.99108521,1487,20,0.387472460806539
"result.1037",12,0,4,140.922783662,96.166191426,117.334849916,1590122.75315734,1496,20.5,0.387321215925841
"result.638",13,7,2,139.79160234,99.16840166,114.70080192,1590086.86751177,1490,20,0.387097289185479
"result.2662",5,6,10,135.01240226,98.57100165,119.480002,1590076.63371204,1465,20,0.387033430186149
"result.2911",14,5,11,138.623660495,96.741618388,118.567471317,1590070.09174067,1484,19.5,0.386992608227933
"result.2566",5,0,10,136.689051964,96.166191426,120.9637628,1590052.39685659,1474,20.5,0.386882191997406
"result.3743",14,9,14,136.83554385,97.82285688,118.78489764,1590012.33125787,1475,19,0.386632182312978
"result.1004",11,14,3,136.853996744,102.050609641,113.848367981,1590010.15524427,1475,19.5,0.38661860396925
"result.4095",14,15,15,135.023750955,99.975032622,117.786676365,1590002.80438136,1465,18.5,0.386572734520759
"result.24",7,1,0,139.57186212,97.9451664,116.3098851,1590001.40411465,1489,21,0.386563996844304
"result.1816",7,1,7,137.898689592,96.77101024,119.149306358,1589999.29776169,1480,20.5,0.386550853183492
"result.922",9,9,3,137.4020023,100.36320168,115.29820193,1589974.29571469,1478,20,0.386394840192854
"result.308",3,3,1,137.12323296,99.16948098,116.92204239,1589957.35975443,1476,21,0.386289159653516
"result.1628",11,5,6,138.59680232,97.97360164,117.09040196,1589950.41684865,1484,20,0.386245835861085
"result.471",6,13,1,135.60980227,102.75280172,114.10340191,1589949.564032,1468,20,0.386240514277809
"result.1417",8,8,5,136.80460229,99.76580167,116.49300195,1589945.51315294,1474,20,0.38621523675724
"result.3945",8,6,15,135.084332993,97.331506305,120.927022985,1589943.85562669,1465,19.5,0.386204893778993
"result.3195",10,7,12,136.264108827,97.921394222,119.157359234,1589937.08198155,1471,19.5,0.386162626174415
"result.3532",11,12,13,135.08870712,99.56969361,118.20261873,1589912.83111198,1465,19,0.38601130053745
"result.1553",0,1,6,135.28676109,97.9451664,119.98282884,1589854.58958057,1466,21,0.385647872875009
"result.2873",8,3,11,136.80460229,96.77880162,120.07740201,1589799.04189424,1474,20,0.385301254829337
"result.143",14,8,0,140.38900235,99.76580167,113.5060019,1589767.4876784,1493,20,0.385104356248071
"result.360",7,6,1,137.898689592,99.79510431,115.520393474,1589747.0770609,1480,20.5,0.384976993817406
"result.427",10,10,1,137.99940231,100.96060169,114.10340191,1589745.95405812,1481,20,0.384969986270316
"result.519",6,0,2,138.95970483,97.33300911,117.53419968,1589693.09359308,1486,21,0.384640136508782
"result.76",11,4,0,140.317964848,98.585466682,114.91557466,1589663.00349397,1493,20.5,0.384452374028709
"result.1912",7,7,7,136.20720228,99.16840166,117.68780197,1589662.1648228,1471,20,0.384447140713305
"result.571",10,3,2,139.713146034,97.980647868,116.125212288,1589659.46355431,1490,20.5,0.384430284774448
"result.2100",3,3,8,135.479414336,97.980647868,119.754125172,1589659.46355431,1467,20.5,0.384430284774448
"result.855",6,5,3,137.293870778,99.190285496,116.730031102,1589655.03862974,1477,20.5,0.384402673206622
"result.2589",12,1,10,139.19420233,95.5840016,119.480002,1589650.22538978,1487,20,0.384372638547421
"result.3339",10,0,13,137.99940231,94.98660159,121.27220203,1589647.45373568,1481,20,0.384355343401768
"result.1950",13,9,7,138.033772578,99.101170056,116.207919649,1589643.96788273,1481,19.5,0.38433359164907
"result.1455",14,10,5,138.623660495,99.691057973,115.028143815,1589635.96266575,1484,19.5,0.384283639025478
"result.3623",6,2,14,135.60980227,96.18140161,121.86960204,1589562.38527539,1468,20,0.383824515469843
"result.803",2,2,3,136.51107567,98.55732369,118.14635697,1589560.73111469,1473,21,0.383814193492714
"result.2123",10,4,8,137.99940231,97.37620163,118.28520198,1589499.70325202,1481,20,0.383433379098949
"result.1344",15,3,5,140.98640236,96.77880162,116.49300195,1589488.19022732,1496,20,0.383361537724703
"result.509",12,15,1,137.443884661,102.640497558,112.668592147,1589450.61110327,1478,19.5,0.383127043663862
"result.2445",12,8,9,137.443884661,98.511282139,117.387695483,1589402.78506333,1478,19.5,0.382828608758817
"result.1066",9,2,4,139.10832722,97.375829054,117.334849916,1589393.08309488,1486,20.5,0.382768068391318
"result.960",15,11,3,139.213548412,100.28094589,113.848367981,1589376.30626869,1487,19.5,0.382663380850014
"result.97",0,6,0,135.28676109,101.00595285,116.3098851,1589347.62064256,1466,21,0.382484382293533
"result.3406",13,4,13,138.033772578,96.151730471,119.747247151,1589307.74876939,1481,19.5,0.382235581458231
"result.1350",5,4,5,136.689051964,98.585466682,117.93966873,1589302.37214109,1473,20.5,0.382202031250883
"result.1739",10,12,6,136.264108827,100.870833807,115.618031732,1589178.4337258,1471,19.5,0.381428654461756
"result.2287",14,14,8,136.83554385,100.73425143,115.29122418,1589177.24074775,1474,19,0.381421210268365
"result.2782",13,13,10,136.25326494,100.15197252,116.455782,1589159.47286456,1471,19,0.381310338522735
"result.2407",6,6,9,135.60980227,98.57100165,118.88260199,1589126.8091742,1467,20,0.381106516810882
"result.1839",14,2,7,140.38900235,96.18140161,117.68780197,1589116.14896614,1493,20,0.381039997019913
"result.1206",5,11,4,135.01240226,101.5580017,115.89560194,1589112.95090373,1464,20,0.381020041082623
"result.2311",6,0,9,137.293870778,96.166191426,120.358943986,1589102.58679652,1477,20.5,0.380955368963534
"result.2234",9,11,8,135.67422091,100.28094589,116.797807566,1589097.14998411,1468,19.5,0.380921443206828
"result.3690",9,6,14,135.67422091,97.331506305,120.337135068,1589097.14998411,1468,19.5,0.380921443206828
"result.644",3,8,2,135.479414336,101.004741938,116.125212288,1589064.7536914,1467,20.5,0.380719290058621
"result.1244",11,13,4,136.853996744,101.460721724,114.438255898,1589010.11890715,1474,19.5,0.380378368529835
"result.149",4,9,0,136.08423315,101.609560752,114.91557466,1588990.41495854,1470,20.5,0.380255415719143
"result.711",6,12,2,135.60980227,102.15540171,114.70080192,1588981.61714047,1467,20,0.380200517257895
"result.3840",15,15,14,135.598320108,99.975032622,117.212107212,1588979.65779214,1467,18.5,0.380188290907271
"result.1792",15,15,6,137.41782276,101.31653034,114.12666636,1588950.99636841,1477,19,0.380009443374008
"result.3488",15,9,13,137.41782276,97.82285688,118.20261873,1588950.99636841,1477,19,0.380009443374008
"result.2940",11,7,11,136.853996744,97.921394222,118.567471317,1588914.87735124,1474,19.5,0.379784060392747
"result.1298",1,1,5,135.89891838,97.9451664,119.37067155,1588900.29510903,1469,21,0.379693067074584
"result.3277",12,12,12,135.67098603,99.56969361,117.62033982,1588900.06176993,1468,19,0.379691611036535
"result.2656",15,5,10,139.213548412,96.741618388,117.9775834,1588891.88801015,1487,19.5,0.379640606704485
"result.3872",15,1,15,139.213548412,94.38206672,120.927022985,1588891.88801015,1487,19.5,0.379640606704485
"result.1561",8,1,6,138.503508406,96.77101024,118.544487544,1588866.51707043,1483,20.5,0.379482291820012
"result.2618",9,3,10,137.4020023,96.77880162,119.480002,1588797.40874525,1477,20,0.379051055269964
"result.2729",8,10,10,135.084332993,99.691057973,117.9775834,1588768.73082578,1464,19.5,0.378872104803079
"result.878",13,6,3,139.79160234,98.57100165,115.29820193,1588739.84362175,1490,20,0.378691848398735
"result.3368",7,2,13,136.20720228,96.18140161,121.27220203,1588738.56439678,1471,20,0.37868386602382
"result.782",13,0,3,141.527602476,96.166191426,116.730031102,1588715.62714242,1499,20.5,0.378540737357142
"result.1162",9,8,4,137.4020023,99.76580167,115.89560194,1588699.33483113,1477,20,0.378439073193056
"result.53",4,3,0,137.73539025,99.16948098,116.3098851,1588693.83717048,1479,21,0.378404767742762
"result.1845",4,3,7,136.08423315,97.980647868,119.149306358,1588691.73254971,1470,20.5,0.378391634890881
"result.3084",11,0,12,138.59680232,94.98660159,120.67480202,1588664.36934871,1483,20,0.37822088827868
"result.1373",12,5,5,139.19420233,97.97360164,116.49300195,1588656.69399891,1487,20,0.378172994029184
"result.667",10,9,2,137.99940231,100.36320168,114.70080192,1588613.20035004,1480,20,0.377901593282034
"result.216",7,13,0,136.20720228,102.75280172,113.5060019,1588592.73275057,1470,20,0.377773875283375
"result.749",12,14,2,137.443884661,102.050609641,113.258480064,1588589.74238449,1477,19.5,0.377755215373035
"result.383",14,7,1,140.38900235,99.16840166,114.10340191,1588565.01620962,1493,20,0.377600923826857
"result.1657",8,7,6,136.80460229,99.16840166,117.09040196,1588529.62431887,1474,20,0.377380078120842
"result.2334",13,1,9,139.79160234,95.5840016,118.88260199,1588490.39475323,1490,20,0.37713528529008
"result.548",3,2,2,137.12323296,98.55732369,117.53419968,1588415.80714656,1475,21,0.376669857975908
"result.3772",11,11,14,135.08870712,98.9874147,118.78489764,1588401.37651495,1464,19,0.376579810709184
"result.600",7,5,2,137.898689592,99.190285496,116.125212288,1588385.08527665,1479,20.5,0.376478153240534
"result.264",7,0,1,139.57186212,97.33300911,116.92204239,1588380.02110388,1488,21,0.376446552758391
"result.105",8,6,0,138.503508406,99.79510431,114.91557466,1588359.86320657,1483,20.5,0.376320767303924
"result.1695",14,9,6,138.623660495,99.101170056,115.618031732,1588333.57544099,1483,19.5,0.376156731418112
"result.1868",11,4,7,138.59680232,97.37620163,117.68780197,1588318.12579103,1483,20,0.376060325468034
"result.3901",12,3,15,137.443884661,95.561842554,120.927022985,1588302.7861449,1477,19.5,0.37596460594276
"result.3983",14,8,15,136.83554385,97.24057797,119.36717655,1588295.75632041,1474,19,0.375920739776828
"result.172",11,10,0,138.59680232,100.96060169,113.5060019,1588268.66242565,1483,20,0.375751673637941
"result.3151",14,4,12,138.623660495,96.151730471,119.157359234,1588237.10231323,1483,19.5,0.375554738262011
"result.316",11,3,1,140.317964848,97.980647868,115.520393474,1588225.78799194,1492,20.5,0.375484136798794
"result.1200",15,10,4,139.213548412,99.691057973,114.438255898,1588213.7024482,1486,19.5,0.375408722900743
"result.2190",13,8,8,138.033772578,98.511282139,116.797807566,1588203.02882555,1480,19.5,0.375342119402622
"result.3435",10,6,13,136.264108827,97.331506305,119.747247151,1588182.70789013,1471,19.5,0.37521531658889
"result.1095",6,4,4,137.293870778,98.585466682,117.334849916,1588148.35181188,1476,20.5,0.375000934361836
"result.2152",7,6,8,136.20720228,98.57100165,118.28520198,1588106.62726319,1470,20,0.374740572815224
"result.2056",7,0,8,137.898689592,96.166191426,119.754125172,1588082.4204357,1479,20.5,0.374589522001228
"result.811",10,2,3,139.713146034,97.375829054,116.730031102,1588075.11931016,1489,20.5,0.374543962914315
"result.2527",14,13,9,136.83554385,100.15197252,115.87350309,1587970.99889981,1474,19,0.373894250648367
"result.1979",10,11,7,136.264108827,100.28094589,116.207919649,1587945.63031021,1470,19.5,0.373735950428684
"result.951",6,11,3,135.60980227,101.5580017,115.29820193,1587916.87555978,1467,20,0.37355652053599
"result.254",13,15,0,138.033772578,102.640497558,112.07870423,1587914.84101412,1480,19.5,0.373543824953332
"result.1484",11,12,5,136.853996744,100.870833807,115.028143815,1587914.84101412,1474,19.5,0.373543824953332
"result.2032",15,14,7,137.41782276,100.73425143,114.70894527,1587879.3955909,1477,19,0.373322645204229
"result.1043",2,1,4,136.51107567,97.9451664,118.75851426,1587872.59337045,1472,21,0.373280199289512
"result.3113",8,2,12,136.80460229,96.18140161,120.67480202,1587846.09177829,1473,20,0.373114829123961
"result.389",4,8,1,136.08423315,101.004741938,115.520393474,1587845.4657247,1469,20.5,0.373110922544141
"result.2340",3,2,9,135.479414336,97.375829054,120.358943986,1587825.77481034,1466,20.5,0.372988051067314
"result.2685",12,7,10,137.443884661,97.921394222,117.9775834,1587824.52574557,1477,19.5,0.372980256892302
"result.3022",13,12,11,136.25326494,99.56969361,117.03806091,1587819.77447173,1470,19,0.372950608902226
"result.1584",15,2,6,140.98640236,96.18140161,117.09040196,1587777.4400384,1496,20,0.372686441670126
"result.884",3,7,3,135.479414336,100.399923124,116.730031102,1587776.2156551,1466,20.5,0.372678801507662
"result.2474",9,10,9,135.67422091,99.691057973,117.387695483,1587728.05261781,1467,19.5,0.372378263736201
"result.2363",10,3,9,137.99940231,96.77880162,118.88260199,1587726.69744806,1480,20,0.372369807465117
"result.456",7,12,1,136.20720228,102.15540171,114.10340191,1587669.13232455,1470,20,0.372010600593889
"result.1306",9,1,5,139.10832722,96.77101024,117.93966873,1587662.93758597,1486,20.5,0.371971945371313
"result.1590",5,3,6,136.689051964,97.980647868,118.544487544,1587652.31776699,1473,20.5,0.371905677608532
"result.989",12,13,3,137.443884661,101.460721724,113.848367981,1587633.22158585,1477,19.5,0.371786517272118
"result.2829",12,0,11,139.19420233,94.98660159,120.07740201,1587613.48603849,1486,20,0.371663367285034
"result.4080",15,14,15,135.598320108,99.400463469,117.786676365,1587591.94172859,1467,18.5,0.371528930603921
"result.2647",6,5,10,135.60980227,97.97360164,119.480002,1587432.90211402,1467,20,0.370536522026034
"result.3863",6,1,15,135.60980227,95.5840016,122.46700205,1587432.90211402,1467,20,0.370536522026034
"result.3517",12,11,13,135.67098603,98.9874147,118.20261873,1587428.09135777,1467,19,0.370506502865225
"result.907",10,8,3,137.99940231,99.76580167,115.29820193,1587381.94631951,1480,20,0.370218557425206
"result.3646",13,3,14,138.033772578,95.561842554,120.337135068,1587338.46539124,1480,19.5,0.369947236054754
"result.1402",9,7,5,137.4020023,99.16840166,116.49300195,1587326.30003345,1476,20,0.369871324116351
"result.1118",13,5,4,139.79160234,97.97360164,115.89560194,1587293.04018432,1489,20,0.36966378236853
"result.3728",15,8,14,137.41782276,97.24057797,118.78489764,1587273.70819491,1476,19,0.369543150586529
"result.2969",8,9,11,135.084332993,99.101170056,118.567471317,1587264.57108062,1464,19.5,0.36948613491391
"result.623",14,6,2,140.38900235,98.57100165,114.70080192,1587262.33878511,1492,20,0.369472205370542
"result.2079",14,1,8,140.38900235,95.5840016,118.28520198,1587262.33878511,1492,20,0.369472205370542
"result.3930",9,5,15,135.67422091,96.741618388,120.927022985,1587208.7398237,1467,19.5,0.369137747385272
"result.3180",11,6,12,136.853996744,97.331506305,119.157359234,1587200.52934474,1473,19.5,0.369086513925179
"result.293",4,2,1,137.73539025,98.55732369,116.92204239,1587197.01711596,1478,21,0.369064597587049
"result.412",11,9,1,138.59680232,100.36320168,114.10340191,1587180.46838724,1483,20,0.368961333375906
"result.2896",15,4,11,139.213548412,96.151730471,118.567471317,1587099.54045356,1486,19.5,0.368456342366026
"result.494",13,14,1,138.033772578,102.050609641,112.668592147,1587098.30888171,1480,19.5,0.368448657347013
"result.1613",12,4,6,139.19420233,97.37620163,117.09040196,1587067.04377352,1486,20,0.368253562800005
"result.1538",1,0,6,135.89891838,97.33300911,119.98282884,1587066.94861467,1468,21,0.368252969007999
"result.345",8,5,1,138.503508406,99.190285496,115.520393474,1587042.56316053,1482,20.5,0.368100803562096
"result.1897",8,6,7,136.80460229,98.57100165,117.68780197,1587016.08797901,1473,20,0.367935598199177
"result.9",8,0,0,140.18401941,97.33300911,116.3098851,1586994.00014305,1491,21,0.367797769910755
"result.1801",8,0,7,138.503508406,96.166191426,119.149306358,1586991.89777414,1482,20.5,0.367784651110487
"result.128",15,7,0,140.98640236,99.16840166,113.5060019,1586972.38112598,1495,20,0.367662867056206
"result.1440",15,9,5,139.213548412,99.101170056,115.028143815,1586954.214976,1486,19.5,0.367549510122367
"result.1935",14,8,7,138.623660495,98.511282139,116.207919649,1586934.71508847,1483,19.5,0.367427830654644
"result.840",7,4,3,137.898689592,98.585466682,116.730031102,1586922.20521208,1479,20.5,0.367349768917225
"result.2085",4,2,8,136.08423315,97.375829054,119.754125172,1586899.63809675,1469,20.5,0.367208949921313
"result.2858",9,2,11,137.4020023,96.18140161,120.07740201,1586884.96741991,1476,20,0.367117404770267
"result.82",1,5,0,135.89891838,100.39379556,116.3098851,1586863.24344864,1468,21,0.366981847000602
"result.4012",11,10,15,135.08870712,98.40513579,119.36717655,1586798.31860901,1464,19,0.366576715436782
"result.788",3,1,3,137.12323296,97.9451664,118.14635697,1586771.48436483,1475,21,0.366409269519792
"result.1191",6,10,4,135.60980227,100.96060169,115.89560194,1586755.33928994,1466,20,0.366308524112093
"result.1724",11,11,6,136.853996744,100.28094589,115.618031732,1586724.32156516,1473,19.5,0.366114973239743
"result.61",12,3,0,140.922783662,97.980647868,114.91557466,1586720.42865145,1495,20.5,0.366090681424356
"result.2272",15,13,8,137.41782276,100.15197252,115.29122418,1586714.61213707,1476,19,0.366054386324036
"result.1273",8,15,4,135.084332993,102.640497558,114.438255898,1586700.51117618,1464,19.5,0.365966396205472
"result.556",11,2,2,140.317964848,97.375829054,116.125212288,1586685.91423977,1492,20.5,0.365875311195312
"result.2767",14,12,10,136.83554385,99.56969361,116.455782,1586671.96921741,1473,19,0.365788294134523
"result.2430",13,7,9,138.033772578,97.921394222,117.387695483,1586666.02716456,1479,19.5,0.365751215673077
"result.696",7,11,2,136.20720228,101.5580017,114.70080192,1586648.31080106,1470,20,0.365640665410773
"result.3608",7,1,14,136.20720228,95.5840016,121.86960204,1586648.31080106,1470,20,0.365640665410773
"result.2219",10,10,8,136.264108827,99.691057973,116.797807566,1586617.99586265,1470,19.5,0.36545149993153
"result.629",4,7,2,136.08423315,100.399923124,116.125212288,1586600.95568792,1469,20.5,0.365345169093051
"result.2108",11,3,8,138.59680232,96.77880162,118.28520198,1586586.90800265,1482,20,0.365257511414796
"result.1229",12,12,4,137.443884661,100.870833807,114.438255898,1586581.04870734,1476,19.5,0.365220949361108
"result.1",0,0,0,136.887259665,98.484499035,117.68587935,1586555.490403,1473,21.5,0.365061465319766
"result.134",5,8,0,136.689051964,101.004741938,114.91557466,1586552.2815176,1472,20.5,0.365041441846964
"result.1335",6,3,5,137.293870778,97.980647868,117.93966873,1586541.21920616,1475,20.5,0.364972412927399
"result.2574",13,0,10,139.79160234,94.98660159,119.480002,1586494.80380504,1489,20,0.364682780420832
"result.2392",7,5,9,136.20720228,97.97360164,118.88260199,1586453.86860611,1469,20,0.364427344423514
"result.1051",10,1,4,139.713146034,96.77101024,117.334849916,1586388.55930831,1488,20.5,0.364019813837399
"result.1124",3,6,4,135.479414336,99.79510431,117.334849916,1586388.55930831,1466,20.5,0.364019813837399
"result.3262",13,11,12,136.25326494,98.9874147,117.62033982,1586387.6830863,1470,19,0.364014346204442
"result.3675",10,5,14,136.264108827,96.741618388,120.337135068,1586333.50276675,1470,19.5,0.363676260539282
"result.3391",14,3,13,138.623660495,95.561842554,119.747247151,1586307.63975803,1482,19.5,0.363514875139988
"result.201",8,12,0,136.80460229,102.15540171,113.5060019,1586283.73168552,1473,20,0.363365688559661
"result.2714",9,9,10,135.67422091,99.101170056,117.9775834,1586264.5347435,1467,19.5,0.363245899474495
"result.734",13,13,2,138.033772578,101.460721724,113.258480064,1586185.7141455,1479,19.5,0.362754058257595
"result.2925",12,6,11,137.443884661,97.331506305,118.567471317,1586150.61434795,1476,19.5,0.362535035215695
"result.1283",2,0,5,136.51107567,97.33300911,119.37067155,1586082.14424777,1471,21,0.362107781195207
"result.1147",10,7,4,137.99940231,99.16840166,115.89560194,1586052.19196654,1479,20,0.361920878699831
"result.652",11,8,2,138.59680232,99.76580167,114.70080192,1585993.34761806,1482,20,0.361553689453686
"result.1824",15,1,7,140.98640236,95.5840016,117.68780197,1585966.05748544,1495,20,0.361383398788807
"result.2556",11,15,9,135.08870712,101.31653034,115.87350309,1585928.08717436,1463,19,0.361146463717477
"result.38",5,2,0,138.34754754,98.55732369,116.3098851,1585904.36102291,1481,21,0.360998412326137
"result.1830",5,2,7,136.689051964,97.375829054,119.149306358,1585902.2600975,1472,20.5,0.36098530253331
"result.2580",3,1,10,135.479414336,96.77101024,120.9637628,1585892.96775589,1465,20.5,0.360927318240876
"result.3757",12,10,14,135.67098603,98.40513579,118.78489764,1585864.12279486,1466,19,0.360747325433208
"result.863",14,5,3,140.38900235,97.97360164,115.29820193,1585859.45540487,1492,20,0.360718200879126
"result.1642",9,6,6,137.4020023,98.57100165,117.09040196,1585855.19132165,1476,20,0.360691592962738
"result.2603",10,2,10,137.99940231,96.18140161,119.480002,1585855.19132165,1479,20,0.360691592962738
"result.1546",9,0,6,139.10832722,96.166191426,118.544487544,1585831.01881184,1485,20.5,0.360540756291311
"result.3353",8,1,13,136.80460229,95.5840016,121.27220203,1585795.49415653,1472,20,0.360319082133317
"result.1358",13,4,5,139.79160234,97.37620163,116.49300195,1585746.45719947,1488,20,0.360013091094863
"result.368",15,6,1,140.98640236,98.57100165,114.10340191,1585714.4765753,1495,20,0.359813531721959
"result.1513",8,14,5,135.084332993,102.050609641,115.028143815,1585713.40634342,1463,19.5,0.359806853465704
"result.157",12,9,0,139.19420233,100.36320168,113.5060019,1585676.0998263,1485,20,0.359574060474473
"result.3209",8,8,12,135.084332993,98.511282139,119.157359234,1585666.40135139,1463,19.5,0.359513541906668
"result.2887",6,4,11,135.60980227,97.37620163,120.07740201,1585642.20036468,1466,20,0.359362527539194
"result.90",9,5,0,139.10832722,99.190285496,114.91557466,1585627.47228138,1485,20.5,0.35927062417131
"result.585",8,4,2,138.503508406,98.585466682,116.125212288,1585623.93234172,1481,20.5,0.35924853491705
"result.1680",15,8,6,139.213548412,98.511282139,115.618031732,1585597.84385208,1485,19.5,0.359085742514885
"result.533",4,1,2,137.73539025,97.9451664,117.53419968,1585596.96809217,1477,21,0.359080277765424
"result.239",14,14,0,138.623660495,102.050609641,112.07870423,1585535.85473595,1482,19.5,0.358698929891178
"result.936",7,10,3,136.20720228,100.96060169,115.29820193,1585530.26818009,1469,20,0.358664069734028
"result.3968",15,7,15,137.41782276,96.65829906,119.36717655,1585503.2373451,1476,19,0.358495397088633
"result.1431",6,9,5,135.60980227,100.36320168,116.49300195,1585497.00833095,1466,20,0.358456527986207
"result.322",1,4,1,135.89891838,99.78163827,116.92204239,1585488.23357787,1467,21,0.358401773450664
"result.2512",15,12,9,137.41782276,99.56969361,115.87350309,1585456.64600694,1476,19,0.358204666733426
"result.2175",14,7,8,138.623660495,97.921394222,116.797807566,1585439.38160819,1482,19.5,0.358096936735077
"result.1964",11,10,7,136.853996744,99.691057973,116.207919649,1585438.56056029,1473,19.5,0.358091813389068
"result.1469",12,11,5,137.443884661,100.28094589,115.028143815,1585433.22374897,1476,19.5,0.358058511640006
"result.1018",9,15,3,135.67422091,102.640497558,113.848367981,1585414.75017131,1466,19.5,0.357943236354795
"result.2137",8,5,8,136.80460229,97.97360164,118.28520198,1585404.90413334,1472,20,0.357881796992241
"result.3420",11,5,13,136.853996744,96.741618388,119.747247151,1585390.93978233,1472,19.5,0.357794659320523
"result.1853",12,3,7,139.19420233,96.77880162,117.68780197,1585378.04040904,1485,20,0.357714167119002
"result.1080",7,3,4,137.898689592,97.980647868,117.334849916,1585358.4368672,1478,20.5,0.357591840847484
"result.374",5,7,1,136.689051964,100.399923124,115.520393474,1585352.2419728,1472,20.5,0.357553184652527
"result.2319",14,0,9,140.38900235,94.98660159,118.88260199,1585308.32264835,1491,20,0.357279127686069
"result.441",8,11,1,136.80460229,101.5580017,114.10340191,1585307.25662755,1472,20,0.357272475706973
"result.3007",14,11,11,136.83554385,98.9874147,117.03806091,1585280.15170055,1472,19,0.357103340726833
"result.3886",13,2,15,138.033772578,94.971954637,120.927022985,1585273.11940928,1479,19.5,0.357059459168178
"result.869",4,6,3,136.08423315,99.79510431,116.730031102,1585256.8848482,1468,20.5,0.356958155365874
"result.301",12,2,1,140.922783662,97.375829054,115.520393474,1585225.46788372,1494,20.5,0.35676211323431
"result.3136",15,3,12,139.213548412,95.561842554,119.157359234,1585210.30924525,1485,19.5,0.356667523198462
"result.2459",10,9,9,136.264108827,99.101170056,117.387695483,1585195.53038313,1469,19.5,0.356575302970293
"result.974",13,12,3,138.033772578,100.870833807,113.848367981,1585177.05680547,1479,19.5,0.356460027685083
"result.796",11,1,3,140.317964848,96.77101024,116.730031102,1585043.38223745,1491,20.5,0.355625897218265
"result.2670",13,6,10,138.033772578,97.331506305,117.9775834,1585032.96289975,1479,19.5,0.355560880460437
"result.1028",3,0,4,137.12323296,97.33300911,118.75851426,1585024.39140925,1474,21,0.355507394285169
"result.2325",4,1,9,136.08423315,96.77101024,120.358943986,1585007.98284085,1468,20.5,0.355405004675657
"result.1364",3,5,5,135.479414336,99.190285496,117.93966873,1584901.78465104,1465,20.5,0.354742327047829
"result.3098",9,1,12,137.4020023,95.5840016,120.67480202,1584874.45218045,1475,20,0.354571772193663
"result.3502",13,10,13,136.25326494,98.40513579,118.20261873,1584863.19870827,1469,19,0.354501550429381
"result.1575",6,2,6,137.293870778,97.375829054,118.544487544,1584833.64081258,1475,20.5,0.354317108903308
"result.2301",12,15,8,135.67098603,101.31653034,115.29122418,1584760.14498574,1466,19,0.353858494304726
"result.2348",11,2,9,138.59680232,96.18140161,118.88260199,1584756.76348351,1482,20,0.353837393701374
"result.2796",11,14,10,135.08870712,100.73425143,116.455782,1584737.24415851,1463,19,0.353715592943692
"result.892",11,7,3,138.59680232,99.16840166,115.29820193,1584707.30011812,1482,20,0.353528741871282
"result.2954",9,8,11,135.67422091,98.511282139,118.567471317,1584706.59636116,1466,19.5,0.353524350421712
"result.2632",7,4,10,136.20720228,97.37620163,119.480002,1584703.88885155,1469,20,0.353507455538171
"result.479",14,13,1,138.623660495,101.460721724,112.668592147,1584667.59658611,1482,19.5,0.353280991486267
"result.1387",10,6,5,137.99940231,98.57100165,116.49300195,1584623.93729112,1478,20,0.35300855710591
"result.1291",10,0,5,139.713146034,96.166191426,117.93966873,1584599.78354878,1487,20.5,0.3528578375437
"result.397",12,8,1,139.19420233,99.76580167,114.10340191,1584533.5387268,1485,20,0.3524444692785
"result.1258",9,14,4,135.67422091,102.050609641,114.438255898,1584470.54509111,1466,19.5,0.352051388444017
"result.3848",7,0,15,136.20720228,94.98660159,122.46700205,1584460.83610786,1469,20,0.351990804304096
"result.3915",10,4,15,136.264108827,96.151730471,120.927022985,1584389.4666114,1469,19.5,0.351545458025593
"result.3165",12,5,12,137.443884661,96.741618388,119.157359234,1584381.05087046,1475,19.5,0.351492943728996
"result.1103",14,4,4,140.38900235,97.37620163,115.89560194,1584356.3660689,1491,20,0.351338910352608
"result.608",15,5,2,140.98640236,97.97360164,114.70080192,1584355.93966058,1494,20,0.351336249560969
"result.278",5,1,1,138.34754754,97.9451664,116.92204239,1584349.04455247,1480,21,0.351293224026406
"result.1176",7,9,4,136.20720228,100.36320168,115.89560194,1584315.00446164,1468,20,0.351080813563651
"result.67",2,4,0,136.51107567,99.78163827,116.3098851,1584291.69512509,1470,21,0.3509353631009
"result.1882",9,5,7,137.4020023,97.97360164,117.68780197,1584286.00869573,1475,20,0.350899879732218
"result.3631",14,2,14,138.623660495,94.971954637,120.337135068,1584281.70407507,1481,19.5,0.350873018861862
"result.330",9,4,1,139.10832722,98.585466682,115.520393474,1584253.53320077,1484,20.5,0.350697232361308
"result.681",8,10,2,136.80460229,100.96060169,114.70080192,1584233.13406377,1472,20,0.350569941569015
"result.3997",12,9,15,135.67098603,97.82285688,119.36717655,1584208.15608118,1466,19,0.350414078740485
"result.1709",12,10,6,137.443884661,99.691057973,115.618031732,1584189.74671074,1475,19.5,0.350299204108813
"result.1920",15,7,7,139.213548412,97.921394222,116.207919649,1584144.58907646,1485,19.5,0.350017420078298
"result.1671",6,8,6,135.60980227,99.76580167,117.09040196,1584141.88268281,1465,20,0.350000532158328
"result.2752",15,11,10,137.41782276,98.9874147,116.455782,1584105.49720051,1475,19,0.3497734864324
"result.825",8,3,3,138.503508406,97.980647868,116.730031102,1584103.97075013,1481,20.5,0.349763961368785
"result.1598",13,3,6,139.79160234,96.77880162,117.09040196,1584100.09466722,1488,20,0.349739774577733
"result.1214",13,11,4,138.033772578,100.28094589,114.438255898,1584072.33686163,1478,19.5,0.349566565629472
"result.763",10,15,2,136.264108827,102.640497558,113.258480064,1584057.55799951,1469,19.5,0.349474345401303
"result.2204",11,9,8,136.853996744,99.101170056,116.797807566,1584057.55799951,1472,19.5,0.349474345401303
"result.2064",15,0,8,140.98640236,94.98660159,118.28520198,1584054.04256842,1494,20,0.34945240908075
"result.614",5,6,2,136.689051964,99.79510431,116.125212288,1584052.1991326,1471,20.5,0.34944090602522
"result.2070",5,1,8,136.689051964,96.77101024,119.754125172,1584052.1991326,1471,20.5,0.34944090602522
"result.119",6,7,0,137.293870778,100.399923124,114.91557466,1584030.07450973,1474,20.5,0.34930284818609
"result.562",1,3,2,135.89891838,99.16948098,117.53419968,1584011.37112408,1467,21,0.349186138897026
"result.186",9,11,0,137.4020023,101.5580017,113.5060019,1583893.71303925,1475,20,0.348451951424589
"result.773",4,0,3,137.73539025,97.33300911,118.14635697,1583893.6900991,1477,21,0.348451808277887
"result.2843",10,1,11,137.99940231,95.5840016,120.07740201,1583885.1848728,1478,20,0.348398735591813
"result.2415",14,6,9,138.623660495,97.331506305,117.387695483,1583847.57500015,1481,19.5,0.348164049659407
"result.1109",4,5,4,136.08423315,99.190285496,117.334849916,1583813.25320554,1468,20.5,0.34794988136261
"result.3247",14,10,12,136.83554385,98.40513579,117.62033982,1583795.54634924,1472,19,0.347839390425297
"result.3127",6,3,12,135.60980227,96.77880162,120.67480202,1583754.70392619,1465,20,0.347584533350362
"result.719",14,12,2,138.623660495,100.870833807,113.258480064,1583702.86530851,1481,19.5,0.347261059925254
"result.2377",8,4,9,136.80460229,97.37620163,118.88260199,1583696.07278188,1471,20,0.347218674500038
"result.46",13,2,0,141.527602476,97.375829054,114.91557466,1583693.78024201,1497,20.5,0.347204369031306
"result.1320",7,2,5,137.898689592,97.375829054,117.93966873,1583693.78024201,1477,20.5,0.347204369031306
"result.2699",10,8,10,136.264108827,98.511282139,117.9775834,1583678.23387163,1469,19.5,0.347107359544973
"result.3593",8,0,14,136.80460229,94.98660159,121.86960204,1583647.24902898,1471,20,0.346914013857403
"result.541",12,1,2,140.922783662,96.77101024,116.125212288,1583627.40637338,1493,20.5,0.346790195513915
"result.2541",12,14,9,135.67098603,100.73425143,115.87350309,1583610.16810125,1465,19,0.34668262854589
"result.2093",12,2,8,139.19420233,96.18140161,118.28520198,1583589.68390548,1484,20,0.346554806986175
"result.2046",13,15,7,136.25326494,101.31653034,114.70894527,1583523.50031544,1468,19,0.346141820808872
"result.3660",11,4,14,136.853996744,96.151730471,120.337135068,1583486.10866401,1472,19.5,0.345908496578781
"result.3036",11,13,11,135.08870712,100.15197252,117.03806091,1583454.79783376,1462,19,0.345713116725769
"result.1498",9,13,5,135.67422091,101.460721724,115.028143815,1583431.91950288,1465,19.5,0.345570355742162
"result.1132",11,6,4,138.59680232,98.57100165,115.89560194,1583322.32588742,1481,20,0.344886490628692
"result.2910",13,5,11,138.033772578,96.741618388,118.567471317,1583303.83603113,1478,19.5,0.3447711137647
"result.1036",11,0,4,140.317964848,96.166191426,117.334849916,1583298.19198499,1490,20.5,0.344735894867653
"result.637",12,7,2,139.19420233,99.16840166,114.70080192,1583291.62448822,1484,20,0.344694913630704
"result.3742",13,9,14,136.25326494,97.82285688,118.78489764,1583246.32133762,1468,19,0.344412221577043
"result.3376",15,2,13,139.213548412,94.971954637,119.747247151,1583224.19438524,1484,19.5,0.344274149201791
"result.1003",10,14,3,136.264108827,102.050609641,113.848367981,1583156.66319581,1468,19.5,0.34385275399252
"result.1627",10,5,6,137.99940231,97.97360164,117.09040196,1583097.18229327,1478,20,0.343481592643443
"result.224",15,13,0,139.213548412,101.460721724,112.07870423,1583078.86890768,1484,19.5,0.343367316958133
"result.921",8,9,3,136.80460229,100.36320168,115.29820193,1583061.3639942,1471,20,0.34325808614579
"result.3194",9,7,12,135.67422091,97.921394222,119.157359234,1583054.2374708,1465,19.5,0.343213616577851
"result.23",6,1,0,138.95970483,97.9451664,116.3098851,1583027.71374573,1483,21,0.343048108302743
"result.1815",6,1,7,137.293870778,96.77101024,119.149306358,1583025.61663115,1474,20.5,0.343035022289566
"result.2565",4,0,10,136.08423315,96.166191426,120.9637628,1583016.766782,1467,20.5,0.342979799153913
"result.142",13,8,0,139.79160234,99.76580167,113.5060019,1583002.51964572,1487,20,0.342890896899645
"result.1416",7,8,5,136.20720228,99.76580167,116.49300195,1583002.51964572,1468,20,0.342890896899645
"result.848",15,4,3,140.98640236,97.37620163,115.29820193,1582896.7703818,1493,20,0.342231020573242
"result.1454",13,10,5,138.033772578,99.691057973,115.028143815,1582871.55431398,1478,19.5,0.342073672090766
"result.426",9,10,1,137.4020023,100.96060169,114.10340191,1582863.93694099,1474,20,0.342026139617059
"result.307",2,3,1,136.51107567,99.16948098,116.92204239,1582859.33582695,1469,21,0.341997428625455
"result.2872",7,3,11,136.20720228,96.77880162,120.07740201,1582856.68799951,1468,20,0.3419809061592
"result.1949",12,9,7,137.443884661,99.101170056,116.207919649,1582850.61759264,1474,19.5,0.341943026767528
"result.2588",11,1,10,138.59680232,95.5840016,119.480002,1582827.6922336,1481,20,0.341799972327767
"result.75",10,4,0,139.713146034,98.585466682,114.91557466,1582811.00778926,1487,20.5,0.341695861249999
"result.570",9,3,2,139.10832722,97.980647868,116.125212288,1582777.82085494,1483,20.5,0.341488774491304
"result.359",6,6,1,137.293870778,99.79510431,115.520393474,1582774.50216151,1474,20.5,0.341468065815435
"result.3338",9,0,13,137.4020023,94.98660159,121.27220203,1582765.86302687,1474,20,0.341414157540151
"result.1343",14,3,5,140.38900235,96.77880162,116.49300195,1582753.0707772,1490,20,0.34133433379099
"result.518",5,0,2,138.34754754,97.33300911,117.53419968,1582690.04031734,1479,21,0.340941023173362
"result.1911",6,7,7,135.60980227,99.16840166,117.68780197,1582689.96234551,1465,20,0.340940536628457
"result.2992",15,10,11,137.41782276,98.40513579,117.03806091,1582661.16571777,1474,19,0.340760845420959
"result.854",5,5,3,136.689051964,99.190285496,116.730031102,1582652.15299701,1470,20.5,0.340704605965043
"result.959",14,11,3,138.623660495,100.28094589,113.848367981,1582641.66090315,1481,19.5,0.340639135208142
"result.508",11,15,1,136.853996744,102.640497558,112.668592147,1582628.93466076,1471,19.5,0.340559723344997
"result.2122",9,4,8,137.4020023,97.37620163,118.28520198,1582618.75215569,1474,20,0.340496184424791
"result.2160",15,6,8,139.213548412,97.331506305,116.797807566,1582594.45064914,1484,19.5,0.340344542812603
"result.2444",11,8,9,136.853996744,98.511282139,117.387695483,1582581.3138828,1471,19.5,0.340262569276453
"result.3405",12,4,13,137.443884661,96.151730471,119.747247151,1582515.83531311,1474,19.5,0.339853982432206
"result.1065",8,2,4,138.503508406,97.375829054,117.334849916,1582482.67838577,1480,20.5,0.339647082917304
"result.802",1,2,3,135.89891838,98.55732369,118.14635697,1582432.65608727,1466,21,0.339334943339689
"result.2286",13,14,8,136.25326494,100.73425143,115.29122418,1582414.78440414,1468,19,0.339223423881555
"result.2781",12,13,10,135.67098603,100.15197252,116.455782,1582368.19306599,1465,19,0.338932693526348
"result.1838",13,2,7,139.79160234,96.18140161,117.68780197,1582353.95258756,1487,20,0.338843832817139
"result.1738",9,12,6,135.67422091,100.870833807,115.618031732,1582298.87340664,1465,19.5,0.338500138249229
"result.1349",4,4,5,136.08423315,98.585466682,117.93966873,1582270.06075994,1467,20.5,0.338320347083259
"result.3839",14,15,14,135.023750955,99.975032622,117.212107212,1582246.69314048,1461,18.5,0.338174532934648
"result.1791",14,15,6,136.83554385,101.31653034,114.12666636,1582218.15316346,1471,19,0.337996443229915
"result.3487",14,9,13,136.83554385,97.82285688,118.20261873,1582218.15316346,1471,19,0.337996443229915
"result.1243",10,13,4,136.264108827,101.460721724,114.438255898,1582160.93736014,1468,19.5,0.337639416119655
"result.2655",14,5,10,138.623660495,96.741618388,117.9775834,1582159.29526435,1480,19.5,0.337629169427635
"result.3871",14,1,15,138.623660495,94.38206672,120.927022985,1582159.29526435,1480,19.5,0.337629169427635
"result.464",15,12,1,139.213548412,100.870833807,112.668592147,1582158.47421645,1484,19.5,0.337624046081626
"result.286",13,1,1,141.527602476,96.77101024,115.520393474,1582140.63171611,1496,20.5,0.337512708724347
"result.2310",5,0,9,136.689051964,96.166191426,120.358943986,1582102.13487231,1470,20.5,0.33727248808426
"result.2939",10,7,11,136.264108827,97.921394222,118.567471317,1582066.10632817,1468,19.5,0.337047669655573
"result.877",12,6,3,139.19420233,98.57100165,115.29820193,1581950.35711054,1483,20,0.336325393531084
"result.1560",7,1,6,137.898689592,96.77101024,118.544487544,1581928.2353365,1476,20.5,0.336187353468694
"result.781",12,0,3,140.922783662,96.166191426,116.730031102,1581926.24412044,1493,20.5,0.336174928263172
"result.2617",8,3,10,136.80460229,96.77880162,119.480002,1581889.59392462,1471,20,0.335946230722564
"result.1372",11,5,5,138.59680232,97.97360164,116.49300195,1581838.42492595,1480,20,0.335626935725918
"result.3083",10,0,12,137.99940231,94.98660159,120.67480202,1581816.67810151,1477,20,0.335491235352342
"result.382",13,7,1,139.79160234,99.16840166,114.10340191,1581805.16507681,1487,20,0.335419393978096
"result.1161",8,8,4,136.80460229,99.76580167,115.89560194,1581791.94641882,1471,20,0.335336909437297
"result.748",11,14,2,136.853996744,102.050609641,113.258480064,1581771.76065752,1471,19.5,0.335210950111213
"result.3367",6,2,13,135.60980227,96.18140161,121.27220203,1581770.41279855,1464,20,0.335202539459539
"result.666",9,9,2,137.4020023,100.36320168,114.70080192,1581736.08692861,1474,20,0.334988345732623
"result.2333",12,1,9,139.19420233,95.5840016,118.88260199,1581701.97426283,1483,20,0.334775482401524
"result.52",3,3,0,137.12323296,99.16948098,116.3098851,1581632.97567194,1472,21,0.33434493059443
"result.215",6,13,0,135.60980227,102.75280172,113.5060019,1581625.22076482,1464,20,0.334296539906554
"result.1656",7,7,6,136.20720228,99.16840166,117.09040196,1581592.81373233,1467,20,0.33409431974201
"result.1694",13,9,6,138.033772578,99.101170056,115.618031732,1581574.70916252,1477,19.5,0.333981347068962
"result.3982",13,8,15,136.25326494,97.24057797,119.36717655,1581537.05097436,1467,19,0.333746359647429
"result.3900",11,3,15,136.853996744,95.561842554,120.927022985,1581486.03598977,1471,19.5,0.333428025699951
"result.1199",14,10,4,138.623660495,99.691057973,114.438255898,1581483.98337003,1480,19.5,0.333415217334928
"result.3150",13,4,12,138.033772578,96.151730471,119.157359234,1581478.64655871,1477,19.5,0.333381915585867
"result.1867",10,4,7,137.99940231,97.37620163,117.68780197,1581471.92697297,1477,20,0.333339985312431
"result.104",7,6,0,137.898689592,99.79510431,114.91557466,1581423.79393493,1476,20.5,0.333039634736519
"result.171",10,10,0,137.99940231,100.96060169,113.5060019,1581422.67681175,1477,20,0.333032663878157
"result.599",6,5,2,137.293870778,99.190285496,116.125212288,1581418.48402544,1473,20.5,0.333006500855127
"result.2189",12,8,8,137.443884661,98.511282139,116.797807566,1581415.83639467,1474,19.5,0.332989979616149
"result.263",6,0,1,138.95970483,97.33300911,116.92204239,1581413.44206395,1482,21,0.332975038971592
"result.315",10,3,1,139.713146034,97.980647868,115.520393474,1581379.98718163,1486,20.5,0.332766280215041
"result.1088",15,3,4,140.98640236,96.77880162,115.89560194,1581336.96873897,1493,20,0.332497844758772
"result.547",2,2,2,136.51107567,98.55732369,117.53419968,1581324.66515037,1469,21,0.332421070258908
"result.3434",9,6,13,135.67422091,97.331506305,119.747247151,1581307.45807242,1464,19.5,0.332313697942912
"result.2526",13,13,9,136.25326494,100.15197252,115.87350309,1581213.67550023,1467,19,0.331728493876962
"result.810",9,2,3,139.10832722,97.375829054,116.730031102,1581200.33524388,1483,20.5,0.331645250561301
"result.3584",15,15,13,135.598320108,99.975032622,116.637538059,1581190.54182257,1464,18.5,0.331584139527178
"result.1094",5,4,4,136.689051964,98.585466682,117.334849916,1581152.10356601,1470,20.5,0.331344284471997
"result.2031",14,14,7,136.83554385,100.73425143,114.70894527,1581151.09306721,1470,19,0.331337978950687
"result.704",15,11,2,139.213548412,100.28094589,113.258480064,1581141.19587352,1483,19.5,0.331276220376015
"result.3616",15,1,14,139.213548412,94.38206672,120.337135068,1581141.19587352,1483,19.5,0.331276220376015
"result.253",12,15,0,137.443884661,102.640497558,112.07870423,1581128.88015508,1474,19.5,0.331199370185874
"result.3232",15,9,12,137.41782276,97.82285688,117.62033982,1581123.65155872,1474,19,0.331166743699103
"result.2055",6,0,8,137.293870778,96.166191426,119.754125172,1581117.14666186,1473,20.5,0.33112615308617
"result.1978",9,11,7,135.67422091,100.28094589,116.207919649,1581071.40680237,1464,19.5,0.330840735965218
"result.1483",10,12,5,136.264108827,100.870833807,115.028143815,1581070.3804925,1467,19.5,0.330834331782706
"result.1583",14,2,6,140.38900235,96.18140161,117.09040196,1581049.56952977,1489,20,0.33070447119427
"result.3021",12,12,11,135.67098603,99.56969361,117.03806091,1581034.21987998,1464,19,0.330608689246097
"result.2684",11,7,10,136.853996744,97.921394222,117.9775834,1581009.82821019,1470,19.5,0.330456485014515
"result.2400",15,5,9,139.213548412,96.741618388,117.387695483,1580947.4285701,1483,19.5,0.330067110717802
"result.3112",7,2,12,136.20720228,96.18140161,120.67480202,1580912.26605,1467,20,0.3298476962866
"result.2362",9,3,9,137.4020023,96.77880162,118.88260199,1580853.42170153,1473,20,0.329480507040455
"result.1536",15,15,5,137.41782276,101.31653034,113.54438745,1580844.1035298,1473,19,0.329422361567856
"result.988",11,13,3,136.853996744,101.460721724,113.848367981,1580819.34509835,1470,19.5,0.329267868740341
"result.2828",11,0,11,138.59680232,94.98660159,120.07740201,1580799.69425292,1480,20,0.329145247293975
"result.1305",8,1,5,138.503508406,96.77101024,117.93966873,1580760.05524864,1479,20.5,0.328897899562605
"result.1589",4,3,6,136.08423315,97.980647868,118.544487544,1580627.30751139,1466,20.5,0.328069552527822
"result.31",14,1,0,142.13242129,96.77101024,114.91557466,1580583.05826564,1498,20.5,0.327793436849561
"result.3645",12,3,14,137.443884661,95.561842554,120.337135068,1580554.9676759,1473,19.5,0.327618151325324
"result.3727",14,8,14,136.83554385,97.24057797,118.78489764,1580547.97214323,1470,19,0.327574499140687
"result.906",9,8,3,137.4020023,99.76580167,115.29820193,1580510.16300211,1473,20,0.327338569771278
"result.1117",12,5,4,139.19420233,97.97360164,115.89560194,1580509.73659378,1483,20,0.327335908979639
"result.622",13,6,2,139.79160234,98.57100165,114.70080192,1580508.0309605,1486,20,0.327325265813085
"result.2078",13,1,8,139.79160234,95.5840016,118.28520198,1580508.0309605,1486,20,0.327325265813085
"result.526",13,0,2,141.527602476,96.166191426,116.125212288,1580483.93995515,1495,20.5,0.327174937730256
"result.1401",8,7,5,136.80460229,99.16840166,116.49300195,1580424.88133765,1470,20,0.326806411443532
"result.2895",14,4,11,138.623660495,96.151730471,118.567471317,1580374.54240079,1480,19.5,0.326492296039764
"result.3179",10,6,12,136.264108827,97.331506305,119.157359234,1580359.14775274,1467,19.5,0.326396233302089
"result.411",10,9,1,137.99940231,100.36320168,114.10340191,1580339.17326488,1476,20,0.326271592324149
"result.493",12,14,1,137.443884661,102.050609641,112.668592147,1580315.83747624,1473,19.5,0.326125976800094
"result.1612",11,4,6,138.59680232,97.37620163,117.09040196,1580255.59723372,1479,20,0.325750077162957
"result.127",14,7,0,140.38900235,99.16840166,113.5060019,1580247.92188392,1489,20,0.325702182913461
"result.1439",14,9,5,138.623660495,99.101170056,115.028143815,1580229.83270915,1480,19.5,0.325589306305612
"result.1934",13,8,7,138.033772578,98.511282139,116.207919649,1580181.80140724,1476,19.5,0.325289590564063
"result.292",3,2,1,137.12323296,98.55732369,116.92204239,1580142.808151,1471,21,0.325046272306075
"result.344",7,5,1,137.898689592,99.190285496,115.520393474,1580112.24629083,1476,20.5,0.324855566032863
"result.1896",7,6,7,136.20720228,98.57100165,117.68780197,1580085.88672146,1467,20,0.324691082090743
"result.8",7,0,0,139.57186212,97.33300911,116.3098851,1580063.89533893,1485,21,0.324553855672579
"result.1800",7,0,7,137.898689592,96.166191426,119.149306358,1580061.80215068,1476,20.5,0.324540794159647
"result.944",15,10,3,139.213548412,99.691057973,113.848367981,1580027.03387888,1483,19.5,0.324323839841297
"result.2271",14,13,8,136.83554385,100.15197252,115.29122418,1579991.24513649,1470,19,0.324100517777613
"result.2857",8,2,11,136.80460229,96.18140161,120.07740201,1579985.46756156,1470,20,0.324064465659823
"result.839",6,4,3,137.293870778,98.585466682,116.730031102,1579962.02010151,1472,20.5,0.323918153305168
"result.2766",13,12,10,136.25326494,99.56969361,116.455782,1579920.17360372,1467,19,0.323657030795091
"result.60",11,3,0,140.317964848,97.980647868,114.91557466,1579910.4697302,1488,20.5,0.323596478539994
"result.2429",12,7,9,137.443884661,97.921394222,117.387695483,1579885.40311685,1473,19.5,0.323440062654681
"result.1723",10,11,6,136.264108827,100.28094589,115.618031732,1579884.9925929,1467,19.5,0.323437500981677
"result.3824",15,14,14,135.598320108,99.400463469,117.212107212,1579847.59079333,1463,18.5,0.323204113427161
"result.555",10,2,2,139.713146034,97.375829054,116.125212288,1579846.75081632,1485,20.5,0.323198871963298
"result.1776",15,14,6,137.41782276,100.73425143,114.12666636,1579819.09409044,1473,19,0.323026293753285
"result.1228",11,12,4,136.853996744,100.870833807,114.438255898,1579771.68798327,1470,19.5,0.322730479232382
"result.2218",9,10,8,135.67422091,99.691057973,116.797807566,1579749.51969009,1464,19.5,0.32259214889013
"result.2107",10,3,8,137.99940231,96.77880162,118.28520198,1579748.17133023,1476,20,0.322583735112871
"result.2573",12,0,10,139.19420233,94.98660159,119.480002,1579714.91148109,1482,20,0.32237619336505
"result.787",2,1,3,136.51107567,97.9451664,118.14635697,1579687.68309535,1468,21,0.322206288001257
"result.1328",15,2,5,140.98640236,96.18140161,116.49300195,1579676.53473209,1492,20,0.322136722117564
"result.3261",12,11,12,135.67098603,98.9874147,117.62033982,1579608.2485432,1463,19,0.321710615705141
"result.3390",13,3,13,138.033772578,95.561842554,119.747247151,1579557.39448246,1476,19.5,0.321393285923937
"result.1334",5,3,5,136.689051964,97.980647868,117.93966873,1579552.05083961,1469,20.5,0.32135994154608
"result.133",4,8,0,136.08423315,101.004741938,114.91557466,1579532.13867902,1466,20.5,0.321235689490863
"result.1050",9,1,4,139.10832722,96.77101024,117.334849916,1579521.07636759,1482,20.5,0.321166660571297
"result.3472",15,8,13,137.41782276,97.24057797,118.20261873,1579492.95472336,1473,19,0.32099118126683
"result.3674",9,5,14,135.67422091,96.741618388,120.337135068,1579466.25816603,1463,19.5,0.320824594516896
"result.733",12,13,2,137.443884661,101.460721724,113.258480064,1579407.14271753,1473,19.5,0.320455713604222
"result.200",7,12,0,136.20720228,102.15540171,113.5060019,1579356.72849039,1466,20,0.320141128388519
"result.2924",11,6,11,136.853996744,97.331506305,118.567471317,1579343.10098165,1470,19.5,0.320056092615491
"result.1823",14,1,7,140.38900235,95.5840016,117.68780197,1579245.8623266,1488,20,0.319449322562449
"result.2640",15,4,10,139.213548412,96.151730471,117.9775834,1579203.52283936,1482,19.5,0.319185123793897
"result.1146",9,7,4,137.4020023,99.16840166,115.89560194,1579186.16516149,1473,20,0.319076811733027
"result.651",10,8,2,137.99940231,99.76580167,114.70080192,1579157.16939557,1476,20,0.318895877901593
"result.862",13,5,3,139.79160234,97.97360164,115.29820193,1579111.11729677,1485,20,0.318608512404611
"result.367",14,6,1,140.38900235,98.57100165,114.10340191,1578995.34743727,1488,20,0.317886107474696
"result.2602",9,2,10,137.4020023,96.18140161,119.480002,1578990.01733325,1472,20,0.317852847579212
"result.271",14,0,1,142.13242129,96.166191426,115.520393474,1578971.27948912,1498,20.5,0.317735923268905
"result.1357",12,4,5,139.19420233,97.37620163,116.49300195,1578969.76293794,1482,20,0.317726459976373
"result.3856",15,0,15,139.213548412,93.792178803,120.927022985,1578961.31371009,1482,19.5,0.317673736721132
"result.1641",8,6,6,136.80460229,98.57100165,117.09040196,1578960.16875069,1469,20,0.3176665921645
"result.1545",8,0,6,138.503508406,96.166191426,118.544487544,1578936.10133874,1478,20.5,0.317516411304688
"result.37",4,2,0,137.73539025,98.55732369,116.3098851,1578887.08508918,1474,21,0.317210549481189
"result.1829",4,2,7,136.08423315,97.375829054,119.149306358,1578884.9934599,1465,20.5,0.317197497696296
"result.1679",14,8,6,138.623660495,98.511282139,115.618031732,1578879.20892051,1479,19.5,0.317161402120195
"result.156",11,9,0,138.59680232,100.36320168,113.5060019,1578870.62300301,1479,20,0.317107825920368
"result.3352",7,1,13,136.20720228,95.5840016,121.27220203,1578870.62300301,1466,20,0.317107825920368
"result.1184",15,9,4,139.213548412,99.101170056,114.438255898,1578815.98823253,1482,19.5,0.316766904477473
"result.238",13,14,0,138.033772578,102.050609641,112.07870423,1578788.89365197,1476,19.5,0.316597834059165
"result.3967",14,7,15,136.83554385,96.65829906,119.36717655,1578785.00328855,1469,19,0.316573558157615
"result.2511",14,12,9,136.83554385,99.56969361,115.87350309,1578738.60937132,1469,19,0.31628405971069
"result.89",8,5,0,138.503508406,99.190285496,114.91557466,1578733.4397932,1478,20.5,0.316251801498253
"result.2016",15,13,7,137.41782276,100.15197252,114.70894527,1578700.90197476,1472,19,0.316048765228298
"result.584",7,4,2,137.898689592,98.585466682,116.125212288,1578699.81036643,1475,20.5,0.316041953582774
"result.2174",13,7,8,138.033772578,97.921394222,116.797807566,1578692.83104815,1476,19.5,0.315998402576067
"result.1468",11,11,5,136.853996744,100.28094589,115.028143815,1578628.78931228,1469,19.5,0.315598781587337
"result.1963",10,10,7,136.264108827,99.691057973,116.207919649,1578604.77366133,1466,19.5,0.315448923716563
"result.1852",11,3,7,138.59680232,96.77880162,117.68780197,1578573.84281072,1479,20,0.315255914939814
"result.2318",13,0,9,139.79160234,94.98660159,118.88260199,1578562.32978602,1485,20,0.315184073565568
"result.3419",10,5,13,136.264108827,96.741618388,119.747247151,1578557.35814534,1466,19.5,0.315153050484522
"result.532",3,1,2,137.12323296,97.9451664,117.53419968,1578549.87045621,1471,21,0.315106327239213
"result.3006",13,11,11,136.25326494,98.9874147,117.03806091,1578534.27871459,1466,19,0.315009034635945
"result.3885",12,2,15,137.443884661,94.971954637,120.927022985,1578498.44795882,1472,19.5,0.314785450408349
"result.3135",14,3,12,138.623660495,95.561842554,119.157359234,1578493.31640947,1479,19.5,0.314753429495791
"result.2136",7,5,8,136.20720228,97.97360164,118.28520198,1578481.73861311,1466,20,0.314681183945848
"result.300",11,2,1,140.317964848,97.375829054,115.520393474,1578421.9251031,1488,20.5,0.314307947123295
"result.4064",15,13,15,135.598320108,98.825894316,117.786676365,1578415.10969548,1462,18.5,0.314265418920478
"result.1079",6,3,4,137.293870778,97.980647868,117.334849916,1578405.11038972,1472,20.5,0.314203023165556
"result.973",12,12,3,137.443884661,100.870833807,113.848367981,1578402.79587895,1472,19.5,0.314188580598257
"result.440",7,11,1,136.20720228,101.5580017,114.10340191,1578384.51751563,1466,20,0.314074523452217
"result.373",4,7,1,136.08423315,100.399923124,115.520393474,1578337.40904372,1465,20.5,0.313780566177816
"result.2669",12,6,10,137.443884661,97.331506305,117.9775834,1578259.31775916,1472,19.5,0.31329327588312
"result.795",10,1,3,139.713146034,96.77101024,116.730031102,1578211.29869332,1484,20.5,0.312993636494773
"result.3501",12,10,13,135.67098603,98.40513579,118.20261873,1578090.27905567,1463,19,0.312238472903478
"result.3097",8,1,12,136.80460229,95.5840016,120.67480202,1577983.69369271,1469,20,0.311573379311814
"result.1027",2,0,4,136.51107567,97.33300911,118.75851426,1577948.38966189,1467,21,0.311353081852503
"result.2347",10,2,9,137.99940231,96.18140161,118.88260199,1577925.91536504,1475,20,0.311212842044766
"result.478",13,13,1,138.033772578,101.460721724,112.668592147,1577924.33021766,1475,19.5,0.311202950711297
"result.1568",15,1,6,140.98640236,95.5840016,117.09040196,1577915.46836115,1491,20,0.311147652649617
"result.891",10,7,3,137.99940231,99.16840166,115.29820193,1577876.66520382,1475,20,0.310905520610492
"result.1574",5,2,6,136.689051964,97.375829054,118.544487544,1577851.99481782,1468,20.5,0.310751577187295
"result.3712",15,7,14,137.41782276,96.65829906,118.78489764,1577769.07521171,1472,19,0.310234158124143
"result.1386",9,6,5,137.4020023,98.57100165,116.49300195,1577764.09340674,1472,20,0.310203071617868
"result.1290",9,0,5,139.10832722,96.166191426,117.93966873,1577740.04422606,1481,20.5,0.310053004521294
"result.396",11,8,1,138.59680232,99.76580167,114.10340191,1577732.96559922,1478,20,0.31000883382824
"result.607",14,5,2,140.38900235,97.97360164,114.70080192,1577642.5670349,1488,20,0.30944474600083
"result.1102",13,4,4,139.79160234,97.37620163,115.89560194,1577614.42408563,1485,20,0.309269133752674
"result.3164",11,5,12,136.853996744,96.741618388,119.157359234,1577581.1321972,1469,19.5,0.309061392079378
"result.3630",13,2,14,138.033772578,94.971954637,120.337135068,1577540.07980241,1475,19.5,0.30880522477891
"result.1424",15,8,5,139.213548412,98.511282139,115.028143815,1577508.05893447,1481,19.5,0.308605414284545
"result.2256",15,12,8,137.41782276,99.56969361,115.29122418,1577489.52718279,1472,19,0.308489775992897
"result.1919",14,7,7,138.623660495,97.921394222,116.207919649,1577432.11200411,1478,19.5,0.308131504778678
"result.112",15,6,0,140.98640236,98.57100165,113.5060019,1577412.30654088,1491,20,0.308007918515917
"result.1881",8,5,7,136.80460229,97.97360164,117.68780197,1577397.80865792,1468,20,0.3079174516002
"result.2751",14,11,10,136.83554385,98.9874147,116.455782,1577393.18577169,1469,19,0.307888604749924
"result.1708",11,10,6,136.853996744,99.691057973,115.618031732,1577390.64908537,1469,19.5,0.307872775805204
"result.16",15,0,0,142.737240104,96.166191426,114.91557466,1577388.26272233,1500,20.5,0.307857884879119
"result.329",8,4,1,138.503508406,98.585466682,115.520393474,1577365.47436077,1478,20.5,0.307715685304814
"result.2880",15,3,11,139.213548412,95.561842554,118.567471317,1577362.73345691,1481,19.5,0.307698582040886
"result.2063",14,0,8,140.38900235,94.98660159,118.28520198,1577341.94916771,1488,20,0.307568887895527
"result.277",4,1,1,137.73539025,97.9451664,116.92204239,1577338.65055003,1473,21,0.307548304492521
"result.1597",12,3,6,139.19420233,96.77880162,117.09040196,1577330.436143,1481,20,0.307497046521281
"result.680",7,10,2,136.20720228,100.96060169,114.70080192,1577315.0854434,1465,20,0.307401258022287
"result.1213",12,11,4,137.443884661,100.28094589,114.438255898,1577302.79696051,1472,19.5,0.307324577782202
"result.2203",10,9,8,136.264108827,99.101170056,116.797807566,1577229.72369778,1466,19.5,0.306868599987367
"result.824",7,3,3,137.898689592,97.980647868,116.730031102,1577186.4861617,1474,20.5,0.306598797386249
"result.2414",13,6,9,138.033772578,97.331506305,117.387695483,1577107.79808525,1475,19.5,0.306107783104976
"result.3246",13,10,12,136.25326494,98.40513579,117.62033982,1577055.99083286,1465,19,0.305784505399523
"result.118",5,7,0,136.689051964,100.399923124,114.91557466,1577051.96845462,1468,20.5,0.305759405724336
"result.2842",9,1,11,137.4020023,95.5840016,120.07740201,1577028.53905084,1472,20,0.305613206041061
"result.185",8,11,0,136.80460229,101.5580017,113.5060019,1577007.21863473,1468,20,0.305480166459126
"result.718",13,12,2,138.033772578,100.870833807,113.258480064,1576963.70417954,1475,19.5,0.305208635880332
"result.45",12,2,0,140.922783662,97.375829054,114.91557466,1576925.85810422,1490,20.5,0.304972476041293
"result.772",3,0,3,137.12323296,97.33300911,118.14635697,1576854.16258755,1470,21,0.304525095393844
"result.540",11,1,2,140.317964848,96.77101024,116.125212288,1576830.72222586,1487,20.5,0.304378827333031
"result.2092",11,2,8,138.59680232,96.18140161,118.28520198,1576793.16165696,1478,20,0.304144449056484
"result.2376",7,4,9,136.20720228,97.37620163,118.88260199,1576780.36940729,1465,20,0.304064625307321
"result.2045",12,15,7,135.67098603,101.31653034,114.70894527,1576756.30586965,1462,19,0.303914468623229
"result.1319",6,2,5,137.293870778,97.375829054,117.93966873,1576747.75489007,1471,20.5,0.303861110436291
"result.3592",7,0,14,136.20720228,94.98660159,121.86960204,1576731.75885855,1465,20,0.303761295060507
"result.3659",10,4,14,136.264108827,96.151730471,120.337135068,1576660.73750597,1465,19.5,0.303318121202873
"result.2909",12,5,11,137.443884661,96.741618388,118.567471317,1576537.5803216,1472,19.5,0.302549619301467
"result.3375",14,2,13,138.623660495,94.971954637,119.747247151,1576515.61729039,1478,19.5,0.302412569795716
"result.1131",10,6,4,137.99940231,98.57100165,115.89560194,1576497.66068963,1474,20,0.302300520450845
"result.636",11,7,2,138.59680232,99.16840166,114.70080192,1576496.38146466,1478,20,0.302292538075928
"result.1035",10,0,4,139.713146034,96.166191426,117.334849916,1576473.63081264,1484,20.5,0.302150573809466
"result.223",14,13,0,138.623660495,101.460721724,112.07870423,1576370.90759875,1478,19.5,0.301509580061564
"result.1626",9,5,6,137.4020023,97.97360164,117.09040196,1576243.94773788,1471,20,0.300717349425802
"result.141",12,8,0,139.19420233,99.76580167,113.5060019,1576237.55161305,1481,20,0.30067743755122
"result.847",14,4,3,140.38900235,97.37620163,115.29820193,1576189.58067679,1487,20,0.300378098491864
"result.2496",15,11,9,137.41782276,98.9874147,115.87350309,1576184.9697145,1471,19,0.300349326047079
"result.920",7,9,3,136.20720228,100.36320168,115.29820193,1576148.4322737,1465,20,0.300121332098727
"result.1453",12,10,5,137.443884661,99.691057973,115.028143815,1576107.14596221,1471,19.5,0.299863705156053
"result.352",15,5,1,140.98640236,97.97360164,114.10340191,1576104.08580818,1490,20,0.299844609768299
"result.1664",15,7,6,139.213548412,97.921394222,115.618031732,1576103.24598471,1481,19.5,0.299839369262509
"result.1948",11,9,7,136.853996744,99.101170056,116.207919649,1576057.26730254,1468,19.5,0.299552461885984
"result.22",5,1,0,138.34754754,97.9451664,116.3098851,1576054.0233768,1476,21,0.299532219761181
"result.1808",15,0,7,140.98640236,94.98660159,117.68780197,1576053.76962615,1490,20,0.299530636354929
"result.1814",5,1,7,136.689051964,96.77101024,119.149306358,1576051.93550062,1467,20.5,0.299519191395638
"result.1342",13,3,5,139.79160234,96.77880162,116.49300195,1576017.95132708,1484,20,0.299307129857275
"result.2587",10,1,10,137.99940231,95.5840016,119.480002,1576005.15907742,1474,20,0.299227306108114
"result.425",8,10,1,136.80460229,100.96060169,114.10340191,1575981.91982385,1468,20,0.299082292963803
"result.74",9,4,0,139.10832722,98.585466682,114.91557466,1575959.01208454,1480,20.5,0.29893934847129
"result.2991",14,10,11,136.83554385,98.40513579,117.03806091,1575954.97433761,1468,19,0.298914152895312
"result.3952",15,6,15,137.41782276,96.07602015,119.36717655,1575952.01302374,1471,19,0.29889567427104
"result.958",13,11,3,138.033772578,100.28094589,113.848367981,1575907.0155376,1474,19.5,0.298614889566269
"result.569",8,3,2,138.503508406,97.980647868,116.125212288,1575896.17815557,1477,20.5,0.298547264208161
"result.2159",14,6,8,138.623660495,97.331506305,116.797807566,1575888.54195995,1478,19.5,0.298499614281059
"result.3337",8,0,13,136.80460229,94.98660159,121.27220203,1575884.27231806,1468,20,0.298472971678533
"result.507",10,15,1,136.264108827,102.640497558,112.668592147,1575807.25821826,1465,19.5,0.297992403026131
"result.358",5,6,1,136.689051964,99.79510431,115.520393474,1575801.92726212,1467,20.5,0.297959137813463
"result.2443",10,8,9,136.264108827,98.511282139,117.387695483,1575759.84270228,1465,19.5,0.29769652979409
"result.2121",8,4,8,136.80460229,97.37620163,118.28520198,1575737.80105936,1468,20,0.297558989750631
"result.3404",11,4,13,136.853996744,96.151730471,119.747247151,1575723.92185683,1468,19.5,0.297472383406179
"result.517",4,0,2,137.73539025,97.33300911,117.53419968,1575686.9870416,1473,21,0.29724190983794
"result.1837",12,2,7,139.19420233,96.18140161,117.68780197,1575591.75620898,1480,20,0.296647668614366
"result.1064",7,2,4,137.898689592,97.375829054,117.334849916,1575572.27367667,1474,20.5,0.29652609744329
"result.1790",13,15,6,136.25326494,101.31653034,114.12666636,1575485.30995851,1465,19,0.295983443085822
"result.3486",13,9,13,136.25326494,97.82285688,118.20261873,1575485.30995851,1465,19,0.295983443085822
"result.463",14,12,1,138.623660495,100.870833807,112.668592147,1575454.41288503,1477,19.5,0.295790645078603
"result.2654",13,5,10,138.033772578,96.741618388,117.9775834,1575426.70251854,1474,19.5,0.295617732150787
"result.3870",13,1,15,138.033772578,94.38206672,120.927022985,1575426.70251854,1474,19.5,0.295617732150787
"result.3120",15,2,12,139.213548412,94.971954637,119.157359234,1575425.06042275,1480,19.5,0.295607485458768
"result.285",12,1,1,140.922783662,96.77101024,115.520393474,1575379.34696519,1489,20.5,0.295322233086071
"result.876",11,6,3,138.59680232,98.57100165,115.29820193,1575160.87059934,1477,20,0.293958938663431
"result.780",11,0,3,140.317964848,96.166191426,116.730031102,1575136.86109847,1486,20.5,0.293809119169202
"result.381",12,7,1,139.19420233,99.16840166,114.10340191,1575045.31394401,1480,20,0.293237864129336
"result.1371",10,5,5,137.99940231,97.97360164,116.49300195,1575020.15585299,1474,20,0.293080877422652
"result.1559",6,1,6,137.293870778,96.77101024,118.544487544,1574989.95360257,1470,20.5,0.292892415117376
"result.2616",7,3,10,136.20720228,96.77880162,119.480002,1574981.77910399,1464,20,0.292841406175166
"result.3082",9,0,12,137.4020023,94.98660159,120.67480202,1574968.98685432,1471,20,0.292761582426004
"result.747",10,14,2,136.264108827,102.050609641,113.258480064,1574953.77893054,1464,19.5,0.292666684849388
"result.2332",11,1,9,138.59680232,95.5840016,118.88260199,1574913.55377243,1477,20,0.292415679512969
"result.1160",7,8,4,136.20720228,99.76580167,115.89560194,1574884.55800651,1464,20,0.292234745681536
"result.665",8,9,2,136.80460229,100.36320168,114.70080192,1574858.97350718,1467,20,0.292075098183212
"result.1693",12,9,6,137.443884661,99.101170056,115.618031732,1574815.84288404,1471,19.5,0.291805962719815
"result.2736",15,10,10,137.41782276,98.40513579,116.455782,1574787.22956992,1471,19,0.291627415390845
"result.1198",13,10,4,138.033772578,99.691057973,114.438255898,1574754.26429186,1474,19.5,0.291421711769112
"result.3149",12,4,12,137.443884661,96.151730471,119.157359234,1574720.19080418,1471,19.5,0.291209092909723
"result.592",15,4,2,140.98640236,97.37620163,114.70080192,1574695.23271143,1490,20,0.29105335419394
"result.3899",10,3,15,136.264108827,95.561842554,120.927022985,1574669.28583464,1464,19.5,0.290891445457141
"result.1087",14,3,4,140.38900235,96.77880162,115.89560194,1574636.38836296,1486,20,0.290686164947796
"result.2188",11,8,8,136.853996744,98.511282139,116.797807566,1574628.6439638,1467,19.5,0.290637839829678
"result.1866",9,4,7,137.4020023,97.37620163,117.68780197,1574625.7281549,1470,20,0.290619645156827
"result.1904",15,6,7,139.213548412,97.331506305,116.207919649,1574601.54938323,1480,19.5,0.290468769411368
"result.170",9,10,0,137.4020023,100.96060169,113.5060019,1574576.69119784,1470,20,0.290313654118373
"result.314",9,3,1,139.10832722,97.980647868,115.520393474,1574534.18637132,1479,20.5,0.290048423631287
"result.103",6,6,0,137.293870778,99.79510431,114.91557466,1574487.72466328,1470,20.5,0.289758502169113
"result.598",5,5,2,136.689051964,99.190285496,116.125212288,1574451.88277422,1467,20.5,0.289534848469722
"result.262",5,0,1,138.34754754,97.33300911,116.92204239,1574446.86302402,1475,21,0.289503525184793
"result.703",14,11,2,138.623660495,100.28094589,113.258480064,1574441.44504355,1477,19.5,0.289469716939541
"result.3615",14,1,14,138.623660495,94.38206672,120.337135068,1574441.44504355,1477,19.5,0.289469716939541
"result.3231",14,9,12,136.83554385,97.82285688,117.62033982,1574423.97506906,1467,19,0.289360704146852
"result.2030",13,14,7,136.25326494,100.73425143,114.70894527,1574422.79054352,1464,19,0.289353312697144
"result.252",11,15,0,136.853996744,102.640497558,112.07870423,1574342.91929605,1467,19.5,0.288854915418416
"result.809",8,2,3,138.503508406,97.375829054,116.730031102,1574325.5511776,1476,20.5,0.288746538208287
"result.1582",13,2,6,139.79160234,96.18140161,117.09040196,1574321.69902113,1483,20,0.288722500718415
"result.2399",14,5,9,138.623660495,96.741618388,117.387695483,1574248.49878803,1477,19.5,0.288265730627339
"result.2683",10,7,10,136.264108827,97.921394222,117.9775834,1574195.1306748,1464,19.5,0.287932713136729
"result.2054",5,0,8,136.689051964,96.166191426,119.754125172,1574151.87288802,1466,20.5,0.287662784171112
"result.1535",14,15,5,136.83554385,101.31653034,113.54438745,1574145.61156569,1467,19,0.287623713465315
"result.987",10,13,3,136.264108827,101.460721724,113.848367981,1574005.46861086,1464,19.5,0.286749220208564
"result.2827",10,0,11,137.99940231,94.98660159,120.07740201,1573985.90246735,1473,20,0.286627127302916
"result.2361",8,3,9,136.80460229,96.77880162,118.88260199,1573980.145955,1467,20,0.286591206615792
"result.208",15,12,0,139.213548412,100.870833807,112.07870423,1573874.92199542,1480,19.5,0.285934608193075
"result.30",13,1,0,141.527602476,96.77101024,114.91557466,1573857.17291131,1492,20.5,0.285823853753895
"result.1304",7,1,5,137.898689592,96.77101024,117.93966873,1573857.17291131,1473,20.5,0.285823853753895
"result.3726",13,8,14,136.25326494,97.24057797,118.78489764,1573822.23609156,1464,19,0.285605847694847
"result.3644",11,3,14,136.853996744,95.561842554,120.337135068,1573771.46996055,1467,19.5,0.285289066595894
"result.621",12,6,2,139.19420233,98.57100165,114.70080192,1573753.72313588,1480,20,0.285178326255628
"result.2077",12,1,8,139.19420233,95.5840016,118.28520198,1573753.72313588,1480,20,0.285178326255628
"result.525",12,0,2,140.922783662,96.166191426,116.125212288,1573729.73508355,1489,20.5,0.285028640600503
"result.1116",11,5,4,138.59680232,97.97360164,115.89560194,1573726.43300325,1476,20,0.285008035590749
"result.2894",13,4,11,138.033772578,96.151730471,118.567471317,1573649.54434802,1473,19.5,0.284528249713501
"result.905",8,8,3,136.80460229,99.76580167,115.29820193,1573638.37968471,1467,20,0.284458582117352
"result.492",11,14,1,136.853996744,102.050609641,112.668592147,1573533.36607076,1467,19.5,0.283803296253175
"result.126",13,7,0,139.79160234,99.16840166,113.5060019,1573523.46264186,1483,20,0.283741498770715
"result.1438",13,9,5,138.033772578,99.101170056,115.028143815,1573505.4504423,1473,19.5,0.283629102488857
"result.410",9,9,1,137.4020023,100.36320168,114.10340191,1573497.87814252,1470,20,0.28358185127239
"result.1611",10,4,6,137.99940231,97.37620163,117.09040196,1573444.15069392,1473,20,0.283246591525911
"result.1933",12,8,7,137.443884661,98.511282139,116.207919649,1573428.88772601,1470,19.5,0.283151350473483
"result.3360",15,1,13,139.213548412,94.38206672,119.747247151,1573390.50373688,1479,19.5,0.282911834047544
"result.943",14,10,3,138.623660495,99.691057973,113.848367981,1573332.00407431,1476,19.5,0.282546795644376
"result.2976",15,9,11,137.41782276,97.82285688,117.03806091,1573296.30674902,1470,19,0.282324044024197
"result.2270",13,13,8,136.25326494,100.15197252,115.29122418,1573267.87813591,1464,19,0.282146649231188
"result.832",15,3,3,140.98640236,96.77880162,115.29820193,1573185.74725063,1489,20,0.281634151792841
"result.343",6,5,1,137.293870778,99.190285496,115.520393474,1573181.92942114,1469,20.5,0.281610328503632
"result.7",6,0,0,138.95970483,97.33300911,116.3098851,1573133.79053482,1478,21,0.281309941434401
"result.1799",6,0,7,137.293870778,96.166191426,119.149306358,1573131.70652721,1469,20.5,0.281296937208806
"result.1775",14,14,6,136.83554385,100.73425143,114.12666636,1573124.94538666,1467,19,0.281254747633009
"result.2428",11,7,9,136.853996744,97.921394222,117.387695483,1573104.77906914,1467,19.5,0.281128909636284
"result.59",10,3,0,139.713146034,97.980647868,114.91557466,1573100.51080895,1482,20.5,0.281102275655633
"result.554",9,2,2,139.10832722,97.375829054,116.125212288,1573007.58739287,1479,20.5,0.280522432731285
"result.2144",15,5,8,139.213548412,96.741618388,116.797807566,1573002.96913005,1479,19.5,0.280493614731121
"result.838",5,4,3,136.689051964,98.585466682,116.730031102,1573001.83499093,1466,20.5,0.280486537693111
"result.1327",14,2,5,140.38900235,96.18140161,116.49300195,1572982.99009339,1486,20,0.280368945368626
"result.1227",10,12,4,136.264108827,100.870833807,114.438255898,1572962.32725921,1464,19.5,0.280240009103657
"result.2572",11,0,10,138.59680232,94.98660159,119.480002,1572935.01915714,1476,20,0.280069606309269
"result.2106",9,3,8,137.4020023,96.77880162,118.28520198,1572909.4346578,1470,20,0.279909958810946
"result.448",15,11,1,139.213548412,100.28094589,112.668592147,1572906.08547834,1479,19.5,0.279889059902015
"result.3389",12,3,13,137.443884661,95.561842554,119.747247151,1572807.1492069,1470,19.5,0.279271696707886
"result.3471",14,8,13,136.83554385,97.24057797,118.20261873,1572800.18796606,1467,19,0.279228258504547
"result.1280",15,15,4,137.41782276,101.31653034,112.96210854,1572737.21069119,1470,19,0.278835279761704
"result.1049",8,1,4,138.503508406,96.77101024,117.334849916,1572653.59342686,1475,20.5,0.278313507305197
"result.732",11,13,2,136.853996744,101.460721724,113.258480064,1572628.57128955,1467,19.5,0.278157368950848
"result.2923",10,6,11,136.264108827,97.331506305,118.567471317,1572535.58761535,1463,19.5,0.277577150015286
"result.1822",13,1,7,139.79160234,95.5840016,117.68780197,1572525.66716777,1482,20,0.27751524633609
"result.2639",14,4,10,138.623660495,96.151730471,117.9775834,1572511.98248835,1476,19.5,0.277429853817516
"result.861",12,5,3,139.19420233,97.97360164,115.29820193,1572362.77918866,1479,20,0.276498823930096
"result.650",9,8,2,137.4020023,99.76580167,114.70080192,1572320.99117308,1469,20,0.2762380663495
"result.1145",8,7,4,136.80460229,99.16840166,115.89560194,1572320.13835644,1466,20,0.276232744766223
"result.366",13,6,1,139.79160234,98.57100165,114.10340191,1572276.21829924,1482,20,0.275958683227434
"result.3855",14,0,15,138.623660495,93.792178803,120.927022985,1572270.79966895,1476,19.5,0.275924870927264
"result.270",13,0,1,141.527602476,96.166191426,115.520393474,1572252.25276788,1491,20.5,0.275809138103369
"result.1356",11,4,5,138.59680232,97.37620163,116.49300195,1572193.0686764,1476,20,0.275439828857882
"result.1678",13,8,6,138.033772578,98.511282139,115.618031732,1572160.57398893,1473,19.5,0.275237061725506
"result.1183",14,9,4,138.623660495,99.101170056,114.438255898,1572126.08997731,1476,19.5,0.275021881193112
"result.2601",8,2,10,136.80460229,96.18140161,119.480002,1572124.84334484,1466,20,0.275014102195685
"result.3966",13,7,15,136.25326494,96.65829906,119.36717655,1572066.769232,1463,19,0.274651719226595
"result.155",10,9,0,137.99940231,100.36320168,113.5060019,1572065.14617972,1472,20,0.274641591366264
"result.237",12,14,0,137.443884661,102.050609641,112.07870423,1572041.93256798,1469,19.5,0.274496738227151
"result.1544",7,0,6,137.898689592,96.166191426,118.544487544,1572041.18386565,1472,20.5,0.274492066318065
"result.2510",13,12,9,136.25326494,99.56969361,115.87350309,1572020.5727357,1463,19,0.274363452687956
"result.2015",14,13,7,136.83554385,100.15197252,114.70894527,1572011.49137318,1466,19,0.274306784906857
"result.2173",12,7,8,137.443884661,97.921394222,116.797807566,1571946.28048812,1469,19.5,0.273899868417059
"result.36",3,2,0,137.12323296,98.55732369,116.3098851,1571869.80915545,1468,21,0.273422686636244
"result.688",15,10,2,139.213548412,99.691057973,113.258480064,1571840.36530956,1479,19.5,0.27323895678185
"result.88",7,5,0,137.898689592,99.190285496,114.91557466,1571839.40730502,1472,20.5,0.273232978825194
"result.1467",10,11,5,136.264108827,100.28094589,115.028143815,1571824.35487559,1463,19.5,0.273139051534668
"result.2317",12,0,9,139.19420233,94.98660159,118.88260199,1571816.33692368,1479,20,0.273089019445065
"result.3134",13,3,12,138.033772578,95.561842554,119.157359234,1571776.32357368,1472,19.5,0.27283933579312
"result.583",6,4,2,137.293870778,98.585466682,116.125212288,1571775.68839113,1468,20.5,0.272835372248499
"result.1851",10,3,7,137.99940231,96.77880162,117.68780197,1571769.6452124,1472,20,0.272797662760625
"result.1520",15,14,5,137.41782276,100.73425143,113.54438745,1571758.79258997,1469,19,0.272729942302339
"result.3884",11,2,15,136.853996744,94.971954637,120.927022985,1571723.77650835,1466,19.5,0.27251144164852
"result.3216",15,8,12,137.41782276,97.24057797,117.62033982,1571712.20125182,1469,19,0.272439211947133
"result.972",11,12,3,136.853996744,100.870833807,113.848367981,1571628.53495243,1466,19.5,0.271917133511433
"result.299",10,2,1,139.713146034,97.375829054,115.520393474,1571618.38232249,1481,20.5,0.271853781012281
"result.1072",15,2,4,140.98640236,96.18140161,115.89560194,1571575.62942577,1488,20,0.271587002565003
"result.2668",11,6,10,136.853996744,97.331506305,117.9775834,1571485.67261856,1466,19.5,0.271025671305802
"result.1078",5,3,4,136.689051964,97.980647868,117.334849916,1571451.78391223,1465,20.5,0.270814205483629
"result.794",9,1,3,139.10832722,96.77101024,116.730031102,1571379.2151492,1478,20.5,0.270361375771281
"result.2384",15,4,9,139.213548412,96.151730471,117.387695483,1571307.50522516,1479,19.5,0.269913905221769
"result.3600",15,0,14,139.213548412,93.792178803,120.337135068,1571259.06339931,1478,19.5,0.269611627807215
"result.1567",14,1,6,140.38900235,95.5840016,117.09040196,1571229.38586809,1485,20,0.269426439754357
"result.477",12,13,1,137.443884661,101.460721724,112.668592147,1571181.06384921,1469,19.5,0.269124909936326
"result.2346",9,2,9,137.4020023,96.18140161,118.88260199,1571095.06724658,1469,20,0.268588290388156
"result.3711",14,7,14,136.83554385,96.65829906,118.78489764,1571083.6130286,1466,19,0.268516815968396
"result.890",9,7,3,137.4020023,99.16840166,115.29820193,1571046.03028952,1469,20,0.268282299349702
"result.395",10,8,1,137.99940231,99.76580167,114.10340191,1570932.39247164,1472,20,0.267573198377982
"result.606",13,5,2,139.79160234,97.97360164,114.70080192,1570929.19440922,1481,20,0.267553242440691
"result.1385",8,6,5,136.80460229,98.57100165,116.49300195,1570904.24952237,1465,20,0.267397586129825
"result.1289",8,0,5,138.503508406,96.166191426,117.93966873,1570880.30490334,1475,20.5,0.267248171498889
"result.1101",12,4,4,139.19420233,97.37620163,115.89560194,1570872.48210236,1478,20,0.267199357152741
"result.1423",14,8,5,138.623660495,98.511282139,115.028143815,1570823.70275255,1475,19.5,0.266894973585746
"result.2255",14,12,8,136.83554385,99.56969361,115.29122418,1570805.24952523,1466,19,0.266779825286859
"result.3629",12,2,14,137.443884661,94.971954637,120.337135068,1570798.45552975,1469,19.5,0.266737430695957
"result.111",14,6,0,140.38900235,98.57100165,113.5060019,1570728.35608943,1484,20,0.26630000957885
"result.1918",13,7,7,138.033772578,97.921394222,116.207919649,1570719.63493175,1472,19.5,0.266245589479059
"result.15",14,0,0,142.13242129,96.166191426,114.91557466,1570704.41415148,1494,20.5,0.266150611677801
"result.1760",15,13,6,137.41782276,100.15197252,114.12666636,1570687.19181246,1469,19,0.266043144132561
"result.2750",13,11,10,136.25326494,98.9874147,116.455782,1570680.87434288,1462,19,0.266003723067449
"result.2879",14,3,11,138.623660495,95.561842554,118.567471317,1570678.99306091,1475,19.5,0.265991983851594
"result.928",15,9,3,139.213548412,99.101170056,113.848367981,1570677.76148906,1478,19.5,0.265984298832581
"result.2062",13,0,8,139.79160234,94.98660159,118.28520198,1570629.85576699,1481,20,0.265685366710304
"result.1596",11,3,6,138.59680232,96.77880162,117.09040196,1570560.77761879,1475,20,0.265254318464829
"result.1212",11,11,4,136.853996744,100.28094589,114.438255898,1570533.2570594,1466,19.5,0.265082589934931
"result.328",7,4,1,137.898689592,98.585466682,115.520393474,1570477.41552077,1471,20.5,0.264734138248322
"result.2413",12,6,9,137.443884661,97.331506305,117.387695483,1570368.02117036,1469,19.5,0.264051516550544
"result.276",3,1,1,137.12323296,97.9451664,116.92204239,1570328.25654758,1467,21,0.263803384958635
"result.823",6,3,3,137.293870778,97.980647868,116.730031102,1570269.00157328,1468,20.5,0.263433633403714
"result.717",12,12,2,137.443884661,100.870833807,113.258480064,1570224.54305056,1469,19.5,0.263156211835407
"result.2841",8,1,11,136.80460229,95.5840016,120.07740201,1570171.89322888,1465,20,0.262827676490309
"result.44",11,2,0,140.317964848,97.375829054,114.91557466,1570157.93596644,1484,20.5,0.262740583051279
"result.3456",15,7,13,137.41782276,96.65829906,118.20261873,1570034.91307831,1468,19,0.261972919159653
"result.539",10,1,2,139.713146034,96.77101024,116.125212288,1570034.03807833,1481,20.5,0.261967459152149
"result.2091",10,2,8,137.99940231,96.18140161,118.28520198,1569996.63940843,1471,20,0.261734091126792
"result.1312",15,1,5,140.98640236,95.5840016,116.49300195,1569864.87923686,1487,20,0.260911906510425
"result.3374",13,2,13,138.033772578,94.971954637,119.747247151,1569807.04019553,1472,19.5,0.260550990389641
"result.2908",11,5,11,136.853996744,96.741618388,118.567471317,1569771.32461207,1465,19.5,0.260328124838234
"result.635",10,7,2,137.99940231,99.16840166,114.70080192,1569701.13844111,1471,20,0.259890162521153
"result.1130",9,6,4,137.4020023,98.57100165,115.89560194,1569672.99549184,1468,20,0.259714550272997
"result.222",13,13,0,138.033772578,101.460721724,112.07870423,1569662.94628982,1471,19.5,0.259651843164997
"result.1034",9,0,4,139.10832722,96.166191426,117.334849916,1569649.06964029,1477,20.5,0.259565252751278
"result.2000",15,12,7,137.41782276,99.56969361,114.70894527,1569522.40835863,1468,19,0.258774885252367
"result.2624",15,3,10,139.213548412,95.561842554,117.9775834,1569515.15766857,1478,19.5,0.25872964088331
"result.2495",14,11,9,136.83554385,98.9874147,115.87350309,1569506.21984283,1465,19,0.258673868773015
"result.846",13,4,3,139.79160234,97.37620163,115.29820193,1569482.39097179,1481,20,0.258525176410486
"result.140",11,8,0,138.59680232,99.76580167,113.5060019,1569472.58358038,1474,20,0.258463978202796
"result.351",14,5,1,140.38900235,97.97360164,114.10340191,1569425.67866493,1484,20,0.258171291122536
"result.1663",14,7,6,138.623660495,97.921394222,115.618031732,1569424.84240003,1474,19.5,0.25816607282228
"result.1168",15,8,4,139.213548412,98.511282139,114.438255898,1569418.27401686,1478,19.5,0.258125086054204
"result.1625",8,5,6,136.80460229,97.97360164,117.09040196,1569390.7131825,1465,20,0.25795310620816
"result.1807",14,0,7,140.38900235,94.98660159,117.68780197,1569375.57568706,1484,20,0.257858648104984
"result.1452",11,10,5,136.853996744,99.691057973,115.028143815,1569342.73761044,1465,19.5,0.257653738221342
"result.1341",12,3,5,139.19420233,96.77880162,116.49300195,1569282.83187697,1477,20,0.257279925923562
"result.3951",14,6,15,136.83554385,96.07602015,119.36717655,1569274.25025669,1465,19,0.2572263765384
"result.2158",13,6,8,138.033772578,97.331506305,116.797807566,1569182.63327076,1471,19.5,0.256654685749514
"result.2586",9,1,10,137.4020023,95.5840016,119.480002,1569182.62592124,1468,20,0.25665463988846
"result.957",12,11,3,137.443884661,100.28094589,113.848367981,1569172.37017206,1468,19.5,0.256590643924397
"result.73",8,4,0,138.503508406,98.585466682,114.91557466,1569107.01637982,1474,20.5,0.256182835692581
"result.21",4,1,0,137.73539025,97.9451664,116.3098851,1569080.33300788,1470,21,0.256016331219618
"result.568",7,3,2,137.898689592,97.980647868,116.125212288,1569014.5354562,1470,20.5,0.255605753925015
"result.1836",11,2,7,138.59680232,96.18140161,117.68780197,1568829.55983041,1474,20,0.254451504411593
"result.462",13,12,1,138.033772578,100.870833807,112.668592147,1568750.3515536,1471,19.5,0.25395724407558
"result.3119",14,2,12,138.623660495,94.971954637,119.157359234,1568749.53050571,1474,19.5,0.253952120729571
"result.2653",12,5,10,137.443884661,96.741618388,117.9775834,1568694.10977274,1468,19.5,0.253606294873939
"result.3869",12,1,15,137.443884661,94.38206672,120.927022985,1568694.10977274,1468,19.5,0.253606294873939
"result.516",3,0,2,137.12323296,97.33300911,117.53419968,1568683.93376586,1466,21,0.253542796502519
"result.1063",6,2,4,137.293870778,97.375829054,117.334849916,1568661.86896756,1467,20.5,0.253405111969275
"result.284",11,1,1,140.317964848,96.77101024,115.520393474,1568618.06221426,1483,20.5,0.253131757447797
"result.875",10,6,3,137.99940231,98.57100165,115.29820193,1568371.38408814,1471,20,0.251592483795779
"result.779",10,0,3,139.713146034,96.166191426,116.730031102,1568347.47807649,1480,20.5,0.251443310075232
"result.380",11,7,1,138.59680232,99.16840166,114.10340191,1568285.4628112,1474,20,0.251056334280576
"result.2240",15,11,8,137.41782276,98.9874147,115.29122418,1568264.4422285,1468,19,0.250925165661758
"result.3696",15,6,14,137.41782276,96.07602015,118.78489764,1568264.4422285,1468,19,0.250925165661758
"result.1370",9,5,5,137.4020023,97.97360164,116.49300195,1568201.88678004,1467,20,0.250534819119384
"result.2331",10,1,9,137.99940231,95.5840016,118.88260199,1568125.13328203,1471,20,0.250055876624414
"result.3081",8,0,12,136.80460229,94.98660159,120.67480202,1568121.29560713,1464,20,0.250031929499665
"result.2735",14,10,10,136.83554385,98.40513579,116.455782,1568114.40232598,1464,19,0.249988915365325
"result.1408",15,7,5,139.213548412,97.921394222,115.028143815,1568061.90289295,1477,19.5,0.249661318446721
"result.1692",11,9,6,136.853996744,99.101170056,115.618031732,1568056.97660557,1464,19.5,0.249630578370665
"result.1552",15,0,6,140.98640236,94.98660159,117.09040196,1568053.49668389,1486,20,0.249608863629107
"result.1197",12,10,4,137.443884661,99.691057973,114.438255898,1568024.54521369,1468,19.5,0.249428206203295
"result.591",14,4,2,140.38900235,97.37620163,114.70080192,1568022.79528469,1483,20,0.249417286631119
"result.3148",11,4,12,136.853996744,96.151730471,119.157359234,1567961.73504966,1464,19.5,0.249036270233578
"result.1086",13,3,4,139.79160234,96.77880162,115.89560194,1567935.80798695,1480,20,0.248874485136818
"result.1903",14,6,7,138.623660495,97.331506305,116.207919649,1567929.50891974,1474,19.5,0.248835178902711
"result.96",15,5,0,140.98640236,97.97360164,113.5060019,1567852.23195578,1486,20,0.248352969975627
"result.1865",8,4,7,136.80460229,97.37620163,117.68780197,1567779.52933684,1464,20,0.247899305001224
"result.702",13,11,2,138.033772578,100.28094589,113.258480064,1567741.69421357,1471,19.5,0.247663213503067
"result.3614",13,1,14,138.033772578,94.38206672,120.337135068,1567741.69421357,1471,19.5,0.247663213503067
"result.169",8,10,0,136.80460229,100.96060169,113.5060019,1567730.70558394,1464,20,0.24759464435859
"result.313",8,3,1,138.503508406,97.980647868,115.520393474,1567688.38556101,1473,20.5,0.247330567047534
"result.2864",15,2,11,139.213548412,94.971954637,118.567471317,1567625.92646026,1477,19.5,0.246940821715745
"result.1581",12,2,6,139.19420233,96.18140161,117.09040196,1567593.82851249,1477,20,0.246740530242557
"result.2398",13,5,9,138.033772578,96.741618388,117.387695483,1567549.56900595,1470,19.5,0.246464350536874
"result.261",4,0,1,137.73539025,97.33300911,116.92204239,1567480.28398409,1469,21,0.246032011397993
"result.808",7,2,3,137.898689592,97.375829054,116.730031102,1567450.76711132,1470,20.5,0.245847825855273
"result.207",14,12,0,138.623660495,100.870833807,112.07870423,1567205.96046154,1473,19.5,0.244320230231952
"result.2826",9,0,11,137.4020023,94.98660159,120.07740201,1567172.11068178,1467,20,0.244109007311856
"result.29",12,1,0,140.922783662,96.77101024,114.91557466,1567131.28755699,1486,20.5,0.243854270658229
"result.620",11,6,2,138.59680232,98.57100165,114.70080192,1566999.41531126,1473,20,0.243031386698171
"result.2076",11,1,8,138.59680232,95.5840016,118.28520198,1566999.41531126,1473,20,0.243031386698171
"result.524",11,0,2,140.317964848,96.166191426,116.125212288,1566975.53021194,1482,20.5,0.24288234347075
"result.1303",6,1,5,137.293870778,96.77101024,117.93966873,1566954.29057398,1466,20.5,0.242749807945185
"result.1115",10,5,4,137.99940231,97.97360164,115.89560194,1566943.12941272,1470,20,0.242680162201859
"result.2893",12,4,11,137.443884661,96.151730471,118.567471317,1566924.54629525,1467,19.5,0.24256420338724
"result.2480",15,10,9,137.41782276,98.40513579,115.87350309,1566913.29342207,1467,19,0.242493985360732
"result.125",12,7,0,139.19420233,99.16840166,113.5060019,1566799.0033998,1476,20,0.241780814627968
"result.1437",12,9,5,137.443884661,99.101170056,115.028143815,1566781.06817545,1467,19.5,0.241668898672102
"result.3359",14,1,13,138.623660495,94.38206672,119.747247151,1566723.59482274,1473,19.5,0.241310264451445
"result.1932",11,8,7,136.853996744,98.511282139,116.207919649,1566675.97404479,1464,19.5,0.241013110382902
"result.942",13,10,3,138.033772578,99.691057973,113.848367981,1566636.97426973,1470,19.5,0.240769751447456
"result.1610",9,4,6,137.4020023,97.37620163,117.09040196,1566632.70415412,1467,20,0.240743105888864
"result.2975",14,9,11,136.83554385,97.82285688,117.03806091,1566629.79697466,1464,19,0.24072496506379
"result.1648",15,6,6,139.213548412,97.331506305,115.618031732,1566608.64811733,1476,19.5,0.240592996010134
"result.831",14,3,3,140.38900235,96.77880162,115.29820193,1566519.70594872,1482,20,0.240037996104601
"result.336",15,4,1,140.98640236,97.37620163,114.10340191,1566493.69504106,1486,20,0.239875687814639
"result.3936",15,5,15,137.41782276,95.49374124,119.36717655,1566400.78870238,1467,19,0.239295951453447
"result.2143",14,5,8,138.623660495,96.741618388,116.797807566,1566337.7023117,1473,19.5,0.238902291827041
"result.58",9,3,0,139.10832722,97.980647868,114.91557466,1566290.5518877,1476,20.5,0.238608072771271
"result.1326",13,2,5,139.79160234,96.18140161,116.49300195,1566289.4454547,1479,20,0.238601168619688
"result.447",14,11,1,138.623660495,100.28094589,112.668592147,1566241.22918394,1473,19.5,0.23830029867094
"result.6",5,0,0,138.34754754,97.33300911,116.3098851,1566203.6857307,1472,21,0.238066027196224
"result.553",8,2,2,138.503508406,97.375829054,116.125212288,1566168.42396943,1472,20.5,0.237845993499271
"result.2571",10,0,10,137.99940231,94.98660159,119.480002,1566155.12683318,1470,20,0.237763019253489
"result.1279",14,15,4,136.83554385,101.31653034,112.96210854,1566073.06996792,1463,19,0.237250983700714
"result.3388",11,3,13,136.853996744,95.561842554,119.747247151,1566056.90393133,1463,19.5,0.237150107491835
"result.2638",13,4,10,138.033772578,96.151730471,117.9775834,1565820.44213733,1470,19.5,0.235674583841137
"result.1821",12,1,7,139.19420233,95.5840016,117.68780197,1565805.47200893,1476,20,0.235581170109731
"result.1048",7,1,4,137.898689592,96.77101024,117.334849916,1565786.11048613,1469,20.5,0.235460354039095
"result.3104",15,1,12,139.213548412,94.38206672,119.157359234,1565639.81160025,1476,19.5,0.234547447719074
"result.860",11,5,3,138.59680232,97.97360164,115.29820193,1565614.44108056,1473,20,0.234389135455582
"result.3854",13,0,15,138.033772578,93.792178803,120.927022985,1565580.2856278,1470,19.5,0.234176005133395
"result.365",12,6,1,139.19420233,98.57100165,114.10340191,1565557.08916121,1476,20,0.234031258980172
"result.269",12,0,1,140.922783662,96.166191426,115.520393474,1565533.22604665,1485,20.5,0.233882352937834
"result.2720",15,9,10,137.41782276,97.82285688,116.455782,1565468.96193932,1466,19,0.23348134434929
"result.1677",12,8,6,137.443884661,98.511282139,115.618031732,1565441.93905735,1466,19.5,0.233312721330816
"result.1182",13,9,4,138.033772578,99.101170056,114.438255898,1565436.19172208,1469,19.5,0.23327685790875
"result.1355",10,4,5,137.99940231,97.37620163,116.49300195,1565416.37441487,1469,20,0.233153197739392
"result.236",11,14,0,136.853996744,102.050609641,112.07870423,1565294.971484,1463,19.5,0.232395642395139
"result.154",9,9,0,137.4020023,100.36320168,113.5060019,1565259.66935643,1466,20,0.232175356812159
"result.2172",11,7,8,136.853996744,97.921394222,116.797807566,1565199.72992808,1463,19.5,0.231801334258051
"result.687",14,10,2,138.623660495,99.691057973,113.258480064,1565180.02477858,1472,19.5,0.231678373953826
"result.1543",6,0,6,137.293870778,96.166191426,118.544487544,1565146.26639255,1465,20.5,0.231467721331442
"result.1519",14,14,5,136.83554385,100.73425143,113.54438745,1565098.79770612,1463,19,0.23117151631533
"result.2316",11,0,9,138.59680232,94.98660159,118.88260199,1565070.34406135,1472,20,0.230993965324564
"result.3133",12,3,12,137.443884661,95.561842554,119.157359234,1565059.3307379,1466,19.5,0.230925242090448
"result.1888",15,5,7,139.213548412,96.741618388,116.207919649,1565058.50969,1476,19.5,0.230920118744439
"result.3215",14,8,12,136.83554385,97.24057797,117.62033982,1565052.40378889,1463,19,0.230882017868407
"result.576",15,3,2,140.98640236,96.77880162,114.70080192,1565034.52576228,1485,20,0.23077045882691
"result.1850",9,3,7,137.4020023,96.77880162,117.68780197,1564965.44761407,1466,20,0.230339410581437
"result.87",6,5,0,137.293870778,99.190285496,114.91557466,1564945.37481684,1465,20.5,0.230214156152137
"result.1071",14,2,4,140.38900235,96.18140161,115.89560194,1564916.41065701,1482,20,0.230033419542982
"result.298",9,2,1,139.10832722,97.375829054,115.520393474,1564814.83954187,1475,20.5,0.229399614901268
"result.192",15,11,0,139.213548412,100.28094589,112.07870423,1564670.97508317,1475,19.5,0.228501899428016
"result.2383",14,4,9,138.623660495,96.151730471,117.387695483,1564649.4225759,1472,19.5,0.228367411595271
"result.1024",15,15,3,137.41782276,101.31653034,112.37982963,1564630.31785257,1466,19,0.22824819795555
"result.3599",14,0,14,138.623660495,93.792178803,120.337135068,1564601.18601202,1472,19.5,0.228066415017219
"result.793",8,1,3,138.503508406,96.77101024,116.730031102,1564547.13160507,1472,20.5,0.227729115047789
"result.1566",13,1,6,139.79160234,95.5840016,117.09040196,1564543.30337504,1478,20,0.227705226859095
"result.605",12,5,2,139.19420233,97.97360164,114.70080192,1564215.82178354,1475,20,0.225661738880552
"result.1422",13,8,5,138.033772578,98.511282139,115.028143815,1564139.34657062,1469,19.5,0.225184532886948
"result.394",9,8,1,137.4020023,99.76580167,114.10340191,1564131.81934405,1465,20,0.225137562927723
"result.1100",11,4,4,138.59680232,97.37620163,115.89560194,1564130.54011909,1472,20,0.225129580552806
"result.110",13,6,0,139.79160234,98.57100165,113.5060019,1564044.40563799,1478,20,0.224592100641784
"result.1759",14,13,6,136.83554385,100.15197252,114.12666636,1564031.73760986,1462,19,0.224513052036103
"result.927",14,9,3,138.623660495,99.101170056,113.848367981,1564022.34724546,1472,19.5,0.224454456080613
"result.14",13,0,0,141.527602476,96.166191426,114.91557466,1564020.56558062,1487,20.5,0.224443338476484
"result.1288",7,0,5,137.898689592,96.166191426,117.93966873,1564020.56558062,1468,20.5,0.224443338476484
"result.1917",12,7,7,137.443884661,97.921394222,116.207919649,1564007.15785939,1466,19.5,0.22435967417944
"result.2878",13,3,11,138.033772578,95.561842554,118.567471317,1563995.2526649,1469,19.5,0.224285385662302
"result.2960",15,8,11,137.41782276,97.24057797,117.03806091,1563931.44778028,1465,19,0.223887242627434
"result.2061",12,0,8,139.19420233,94.98660159,118.28520198,1563917.76236628,1475,20,0.223801845525081
"result.1595",10,3,6,137.99940231,96.77880162,117.09040196,1563791.11909457,1469,20,0.223011590408378
"result.1264",15,14,4,137.41782276,100.73425143,112.96210854,1563698.49108951,1465,19,0.222433590851395
"result.432",15,10,1,139.213548412,99.691057973,112.668592147,1563653.69674024,1475,19.5,0.222154073722404
"result.3344",15,0,13,139.213548412,93.792178803,119.747247151,1563556.81308853,1475,19.5,0.221549518893298
"result.816",15,2,3,140.98640236,96.18140161,115.29820193,1563474.72411945,1484,20,0.221037283012443
"result.2128",15,4,8,139.213548412,96.151730471,116.797807566,1563411.48761097,1475,19.5,0.22064268664964
"result.43",10,2,0,139.713146034,97.375829054,114.91557466,1563390.01382865,1477,20.5,0.220508690061265
"result.3455",14,7,13,136.83554385,96.65829906,118.20261873,1563382.22276866,1462,19,0.220460073779179
"result.538",9,1,2,139.10832722,96.77101024,116.125212288,1563237.35393081,1474,20.5,0.219556090971265
"result.1311",14,1,5,140.38900235,95.5840016,116.49300195,1563212.90940958,1481,20,0.219403556946263
"result.2090",9,2,8,137.4020023,96.18140161,118.28520198,1563200.11715991,1465,20,0.219323733197102
"result.3373",12,2,13,137.443884661,94.971954637,119.747247151,1563098.46310068,1465,19.5,0.218689410983566
"result.221",12,13,0,137.443884661,101.460721724,112.07870423,1562954.98498089,1465,19.5,0.217794106268429
"result.634",9,7,2,137.4020023,99.16840166,114.70080192,1562905.89541755,1465,20,0.217487786966378
"result.2623",14,3,10,138.623660495,95.561842554,117.9775834,1562864.66971234,1471,19.5,0.217230538207397
"result.1033",8,0,4,138.503508406,96.166191426,117.334849916,1562824.50846794,1471,20.5,0.21697993169309
"result.845",12,4,3,139.19420233,97.37620163,115.29820193,1562775.20126678,1474,20,0.216672254329109
"result.1167",14,8,4,138.623660495,98.511282139,114.438255898,1562768.19658458,1471,19.5,0.216628545051296
"result.350",13,5,1,139.79160234,97.97360164,114.10340191,1562747.27152167,1478,20,0.216497972476772
"result.1662",13,7,6,138.033772578,97.921394222,115.618031732,1562746.43881534,1468,19.5,0.216492776382049
"result.139",10,8,0,137.99940231,99.76580167,113.5060019,1562707.6155477,1468,20,0.21625051885437
"result.1806",13,0,7,139.79160234,94.98660159,117.68780197,1562697.38174797,1478,20,0.216186659855041
"result.1504",15,13,5,137.41782276,100.15197252,113.54438745,1562673.48165015,1465,19,0.216037523036825
"result.1340",11,3,5,138.59680232,96.77880162,116.49300195,1562547.71242685,1471,20,0.215252721989847
"result.672",15,9,2,139.213548412,99.101170056,113.258480064,1562539.5347456,1474,19.5,0.215201693187687
"result.2157",12,6,8,137.443884661,97.331506305,116.797807566,1562476.72458156,1465,19.5,0.214809757217969
"result.3200",15,7,12,137.41782276,96.65829906,117.62033982,1562300.75094492,1465,19,0.213711680195162
"result.72",7,4,0,137.898689592,98.585466682,114.91557466,1562255.02067511,1467,20.5,0.213426322913871
"result.3118",13,2,12,138.033772578,94.971954637,119.157359234,1562074.00058866,1468,19.5,0.212296756000372
"result.1835",10,2,7,137.99940231,96.18140161,117.68780197,1562067.36345183,1468,20,0.21225534020882
"result.461",12,12,1,137.443884661,100.870833807,112.668592147,1562046.29022218,1465,19.5,0.212123843072556
"result.283",10,1,1,139.713146034,96.77101024,115.520393474,1561856.77746334,1477,20.5,0.210941281809523
"result.1056",15,1,4,140.98640236,95.5840016,115.89560194,1561814.29011256,1483,20,0.210676160371234
"result.2368",15,3,9,139.213548412,95.561842554,117.387695483,1561667.58188022,1474,19.5,0.209760699725734
"result.874",9,6,3,137.4020023,98.57100165,115.29820193,1561581.89757693,1464,20,0.209226028928127
"result.778",9,0,3,139.10832722,96.166191426,116.730031102,1561558.09505451,1473,20.5,0.209077500981262
"result.1744",15,12,6,137.41782276,99.56969361,114.12666636,1561555.28953448,1464,19,0.209059994511838
"result.379",10,7,1,137.99940231,99.16840166,114.10340191,1561525.61167839,1467,20,0.208874804431815
"result.1407",14,7,5,138.623660495,97.921394222,115.028143815,1561417.57279594,1471,19.5,0.208200640865879
"result.1551",14,0,6,140.38900235,94.98660159,117.09040196,1561409.20220642,1480,20,0.208148408314441
"result.590",13,4,2,139.79160234,97.37620163,114.70080192,1561350.35785794,1477,20,0.207781219068298
"result.2330",9,1,9,137.4020023,95.5840016,118.88260199,1561336.71279163,1464,20,0.207696073735858
"result.912",15,8,3,139.213548412,98.511282139,113.848367981,1561328.48909925,1474,19.5,0.207644757823864
"result.1902",13,6,7,138.033772578,97.331506305,116.207919649,1561257.46845626,1468,19.5,0.207201588394053
"result.1085",12,3,4,139.19420233,96.77880162,115.89560194,1561235.22761093,1474,20,0.207062805325841
"result.95",14,5,0,140.38900235,97.97360164,113.5060019,1561208.79029495,1480,20,0.20689783624424
"result.701",12,11,2,137.443884661,100.28094589,113.258480064,1561041.9433836,1464,19.5,0.205856710066592
"result.3613",12,1,14,137.443884661,94.38206672,120.337135068,1561041.9433836,1464,19.5,0.205856710066592
"result.2863",14,2,11,138.623660495,94.971954637,118.567471317,1560983.44372102,1471,19.5,0.205491671663425
"result.1580",11,2,6,138.59680232,96.18140161,117.09040196,1560865.95800386,1470,20,0.204758559766702
"result.2397",12,5,9,137.443884661,96.741618388,117.387695483,1560850.63922387,1464,19.5,0.204662970446409
"result.312",7,3,1,137.898689592,97.980647868,115.520393474,1560842.5847507,1467,20.5,0.204612710463782
"result.3440",15,6,13,137.41782276,96.07602015,118.20261873,1560576.87143326,1464,19,0.202954657052475
"result.206",13,12,0,138.033772578,100.870833807,112.07870423,1560536.99892767,1467,19.5,0.202705852270829
"result.28",11,1,0,140.317964848,96.77101024,114.91557466,1560405.40220267,1479,20.5,0.201884687562563
"result.1984",15,11,7,137.41782276,98.9874147,114.70894527,1560343.9147425,1464,19,0.201501005276436
"result.619",10,6,2,137.99940231,98.57100165,114.70080192,1560245.10748664,1467,20,0.200884447140714
"result.2075",10,1,8,137.99940231,95.5840016,118.28520198,1560245.10748664,1467,20,0.200884447140714
"result.523",10,0,2,139.713146034,96.166191426,116.125212288,1560221.32534034,1476,20.5,0.200736046340998
"result.124",11,7,0,138.59680232,99.16840166,113.5060019,1560074.54415774,1470,20,0.199820130485222
"result.3358",13,1,13,138.033772578,94.38206672,119.747247151,1560056.68590861,1467,19.5,0.199708694855347
"result.1296",15,0,5,140.98640236,94.98660159,116.49300195,1560053.22374163,1483,20,0.199687090903285
"result.1152",15,7,4,139.213548412,97.921394222,114.438255898,1560020.55980119,1473,19.5,0.199483267630934
"result.1647",14,6,6,138.623660495,97.331506305,115.618031732,1559970.47587954,1470,19.5,0.199170743524363
"result.941",12,10,3,137.443884661,99.691057973,113.848367981,1559941.94446516,1464,19.5,0.198992707250537
"result.335",14,4,1,140.38900235,97.37620163,114.10340191,1559856.00989258,1479,20,0.198456474770373
"result.830",13,3,3,139.79160234,96.77880162,115.29820193,1559853.66464681,1476,20,0.198441840416362
"result.2608",15,2,10,139.213548412,94.971954637,117.9775834,1559826.79249777,1473,19.5,0.198274157972722
"result.2142",13,5,8,138.033772578,96.741618388,116.797807566,1559672.43549336,1467,19.5,0.19731096892296
"result.1325",12,2,5,139.19420233,96.18140161,116.49300195,1559595.900816,1473,20,0.196833391870749
"result.446",13,11,1,138.033772578,100.28094589,112.668592147,1559576.37288954,1467,19.5,0.196711537439864
"result.57",8,3,0,138.503508406,97.980647868,114.91557466,1559480.59296645,1469,20.5,0.19611386988691
"result.552",7,2,2,137.898689592,97.375829054,116.125212288,1559329.26054598,1466,20.5,0.195169554267257
"result.2637",12,4,10,137.443884661,96.151730471,117.9775834,1559128.90178632,1463,19.5,0.193919313864756
"result.1820",11,1,7,138.59680232,95.5840016,117.68780197,1559085.27685009,1469,20,0.193647093883373
"result.2224",15,10,8,137.41782276,98.40513579,115.29122418,1559039.35727422,1463,19,0.193360555330619
"result.3103",14,1,12,138.623660495,94.38206672,119.157359234,1559005.74460194,1470,19.5,0.19315081196335
"result.3853",12,0,15,137.443884661,93.792178803,120.927022985,1558889.77158666,1463,19.5,0.192427139339527
"result.859",10,5,3,137.99940231,97.97360164,115.29820193,1558866.10297245,1466,20,0.192279446981065
"result.364",11,6,1,138.59680232,98.57100165,114.10340191,1558837.96002318,1469,20,0.19210383473291
"result.268",11,0,1,140.317964848,96.166191426,115.520393474,1558814.19932542,1478,20.5,0.191955567772299
"result.3680",15,5,14,137.41782276,95.49374124,118.78489764,1558759.8092453,1463,19,0.191616173199372
"result.1181",12,9,4,137.443884661,99.101170056,114.438255898,1558746.29346686,1463,19.5,0.191531834624389
"result.1392",15,6,5,139.213548412,97.331506305,115.028143815,1558615.74685142,1473,19.5,0.190717222608899
"result.686",13,10,2,138.033772578,99.691057973,113.258480064,1558519.68424761,1466,19.5,0.190117791125802
"result.1887",14,5,7,138.623660495,96.741618388,116.207919649,1558426.90583538,1469,19.5,0.189538853026744
"result.575",14,3,2,140.38900235,96.77880162,114.70080192,1558403.02353447,1479,20,0.189389827261407
"result.2315",10,0,9,137.99940231,94.98660159,118.88260199,1558324.35119902,1466,20,0.188898911204061
"result.80",15,4,0,140.98640236,97.37620163,113.5060019,1558292.15737069,1482,20,0.188698021435338
"result.1070",13,2,4,139.79160234,96.18140161,115.89560194,1558257.19188826,1475,20,0.188479836520962
"result.191",14,11,0,138.623660495,100.28094589,112.07870423,1558041.01332434,1469,19.5,0.187130880402338
"result.297",8,2,1,138.503508406,97.375829054,115.520393474,1558011.29676125,1468,20.5,0.186945448790254
"result.2382",13,4,9,138.033772578,96.151730471,117.387695483,1557991.33992664,1466,19.5,0.186820917968771
"result.3598",13,0,14,138.033772578,93.792178803,120.337135068,1557943.30862474,1466,19.5,0.186521202227224
"result.2848",15,1,11,139.213548412,94.38206672,118.567471317,1557889.11946361,1472,19.5,0.186183061390605
"result.1565",12,1,6,139.19420233,95.5840016,117.09040196,1557857.22088198,1472,20,0.185984013963835
"result.792",7,1,3,137.898689592,96.77101024,116.730031102,1557715.04806094,1465,20.5,0.185096854324297
"result.2464",15,9,9,137.41782276,97.82285688,115.87350309,1557641.61712963,1463,19,0.184638644674385
"result.604",11,5,2,138.59680232,97.97360164,114.70080192,1557502.44915786,1469,20,0.183770235320413
"result.1099",10,4,4,137.99940231,97.37620163,115.89560194,1557388.59813582,1466,20,0.183059803952872
"result.926",13,9,3,138.033772578,99.101170056,113.848367981,1557366.93300187,1466,19.5,0.182924613328644
"result.109",12,6,0,139.19420233,98.57100165,113.5060019,1557360.45518655,1472,20,0.182884191704717
"result.13",12,0,0,140.922783662,96.166191426,114.91557466,1557336.71700976,1481,20.5,0.182736065275166
"result.2060",11,0,8,138.59680232,94.98660159,118.28520198,1557205.66896557,1469,20,0.181918324339858
"result.1632",15,5,6,139.213548412,96.741618388,115.618031732,1557114.05024995,1472,19.5,0.181346622757758
"result.431",14,10,1,138.623660495,99.691057973,112.668592147,1557028.04548286,1469,19.5,0.180809952263276
"result.3343",14,0,13,138.623660495,93.792178803,119.747247151,1556931.5723551,1469,19.5,0.180207959107175
"result.320",15,3,1,140.98640236,96.77880162,114.10340191,1556883.30427394,1481,20,0.179906765860979
"result.815",14,2,3,140.38900235,96.18140161,115.29820193,1556849.83122064,1478,20,0.179697893717339
"result.3920",15,4,15,137.41782276,94.91146233,119.36717655,1556849.56438103,1462,19,0.179696228635853
"result.2127",14,4,8,138.623660495,96.151730471,116.797807566,1556786.86266346,1469,19.5,0.179304969373023
"result.42",9,2,0,139.10832722,97.375829054,114.91557466,1556622.09169086,1471,20.5,0.178276797071251
"result.1310",13,1,5,139.79160234,95.5840016,116.49300195,1556560.93958231,1475,20,0.1778952073821
"result.537",8,1,2,138.503508406,96.77101024,116.125212288,1556440.66978328,1468,20.5,0.177144722790381
"result.2622",13,3,10,138.033772578,95.561842554,117.9775834,1556214.18175612,1465,19.5,0.175731435531486
"result.1166",13,8,4,138.033772578,98.511282139,114.438255898,1556118.11915231,1465,19.5,0.175132004048389
"result.349",12,5,1,139.19420233,97.97360164,114.10340191,1556068.86437842,1471,20,0.174824653831009
"result.844",11,4,3,138.59680232,97.37620163,115.29820193,1556068.01156177,1468,20,0.174819332247731
"result.1805",12,0,7,139.19420233,94.98660159,117.68780197,1556019.18780887,1471,20,0.174514671605096
"result.671",14,9,2,138.623660495,99.101170056,113.258480064,1555918.60451362,1468,19.5,0.173887030968113
"result.3088",15,0,12,139.213548412,93.792178803,119.157359234,1555854.56277775,1471,19.5,0.173487409979382
"result.1339",10,3,5,137.99940231,96.77880162,116.49300195,1555812.59297674,1465,20,0.173225518056132
"result.1872",15,4,7,139.213548412,96.151730471,116.207919649,1555515.46999677,1471,19.5,0.17137146807751
"result.176",15,10,0,139.213548412,99.691057973,112.07870423,1555467.02817092,1471,19.5,0.171069190662958
"result.560",15,2,2,140.98640236,96.18140161,114.70080192,1555373.81881313,1480,20,0.17048756345988
"result.1055",14,1,4,140.38900235,95.5840016,115.89560194,1555196.43295107,1477,20,0.16938067413817
"result.282",9,1,1,139.10832722,96.77101024,115.520393474,1555095.49271242,1470,20.5,0.168750806171249
"result.2367",14,3,9,138.623660495,95.561842554,117.387695483,1555050.34636378,1468,19.5,0.168469092563202
"result.1406",13,7,5,138.033772578,97.921394222,115.028143815,1554773.24269894,1464,19.5,0.166739963285039
"result.777",8,0,3,138.503508406,96.166191426,116.730031102,1554768.71203254,1467,20.5,0.166711691887291
"result.1550",13,0,6,139.79160234,94.98660159,117.09040196,1554764.90772894,1474,20,0.166687952999777
"result.911",14,8,3,138.623660495,98.511282139,113.848367981,1554712.69041662,1468,19.5,0.166362116516847
"result.589",12,4,2,139.19420233,97.37620163,114.70080192,1554677.9204312,1471,20,0.166145151505476
"result.94",13,5,0,139.79160234,97.97360164,113.5060019,1554565.34863412,1474,20,0.165442702512852
"result.1084",11,3,4,138.59680232,96.77880162,115.89560194,1554534.64723492,1467,20,0.165251125514863
"result.416",15,9,1,139.213548412,99.101170056,112.668592147,1554401.30800213,1471,19.5,0.164419087542793
"result.2862",13,2,11,138.033772578,94.971954637,118.567471317,1554340.96098179,1464,19.5,0.164042521611105
"result.1579",10,2,6,137.99940231,96.18140161,117.09040196,1554138.08749522,1464,20,0.162776589290846
"result.2112",15,3,8,139.213548412,95.561842554,116.797807566,1553820.00609188,1470,19.5,0.160791758568158
"result.800",15,1,3,140.98640236,95.5840016,115.29820193,1553763.70098827,1480,20,0.160440414232042
"result.27",10,1,0,139.713146034,96.77101024,114.91557466,1553679.51684835,1473,20.5,0.159915104466898
"result.522",9,0,2,139.10832722,96.166191426,116.125212288,1553467.12046874,1470,20.5,0.158589749211245
"result.1295",14,0,5,140.38900235,94.98660159,116.49300195,1553442.82872577,1476,20,0.1584381685239
"result.1151",14,7,4,138.623660495,97.921394222,114.438255898,1553410.30319186,1467,19.5,0.158235208909481
"result.1646",13,6,6,138.033772578,97.331506305,115.618031732,1553332.30364176,1464,19.5,0.157748491038591
"result.656",15,8,2,139.213548412,98.511282139,113.258480064,1553238.70418163,1470,19.5,0.157164429593522
"result.334",13,4,1,139.79160234,97.37620163,114.10340191,1553218.3247441,1473,20,0.157037261726109
"result.2607",14,2,10,138.623660495,94.971954637,117.9775834,1553217.35693634,1467,19.5,0.157031222597279
"result.829",12,3,3,139.19420233,96.77880162,115.29820193,1553187.6233449,1470,20,0.15684568472812
"result.1324",11,2,5,138.59680232,96.18140161,116.49300195,1552902.3561773,1467,20,0.155065615121811
"result.3102",13,1,12,138.033772578,94.38206672,119.157359234,1552371.67760364,1463,19.5,0.151754176207626
"result.267",10,0,1,139.713146034,96.166191426,115.520393474,1552095.17260419,1472,20.5,0.150028782606764
"result.1040",15,0,4,140.98640236,94.98660159,115.89560194,1552052.95079936,1479,20,0.149765318177465
"result.2352",15,2,9,139.213548412,94.971954637,117.387695483,1552027.65853528,1469,19.5,0.149607494229699
"result.1391",14,6,5,138.623660495,97.331506305,115.028143815,1552011.44283934,1466,19.5,0.149506308146014
"result.896",15,7,3,139.213548412,97.921394222,113.848367981,1551979.21670943,1469,19.5,0.149305216815146
"result.1886",13,5,7,138.033772578,96.741618388,116.207919649,1551795.30198076,1463,19.5,0.148157587309047
"result.574",13,3,2,139.79160234,96.77880162,114.70080192,1551771.52130667,1472,20,0.148009195695904
"result.79",14,4,0,140.38900235,97.37620163,113.5060019,1551689.22450047,1475,20,0.147495662909629
"result.1069",12,2,4,139.19420233,96.18140161,115.89560194,1551597.97311951,1469,20,0.146926253498941
"result.2847",14,1,11,138.623660495,94.38206672,118.567471317,1551287.89438114,1466,19.5,0.144991359475255
"result.1564",11,1,6,138.59680232,95.5840016,117.09040196,1551171.13838892,1466,20,0.144262801068574
"result.108",11,6,0,138.59680232,98.57100165,113.5060019,1550676.5047351,1466,20,0.141176282767649
"result.12",11,0,0,140.317964848,96.166191426,114.91557466,1550652.8684389,1475,20.5,0.141028792073849
"result.1136",15,6,4,139.213548412,97.331506305,114.438255898,1550622.84558552,1469,19.5,0.140841449207664
"result.1631",14,5,6,138.623660495,96.741618388,115.618031732,1550516.10935906,1466,19.5,0.140175414226446
"result.319",14,3,1,140.38900235,96.77880162,114.10340191,1550286.34112023,1475,20,0.138741658418213
"result.814",13,2,3,139.79160234,96.18140161,115.29820193,1550224.93832183,1472,20,0.138358504422236
"result.2592",15,1,10,139.213548412,94.38206672,117.9775834,1550138.42732698,1469,19.5,0.137818675062135
"result.1309",12,1,5,139.19420233,95.5840016,116.49300195,1549908.96975503,1468,20,0.136386857817938
"result.348",11,5,1,138.59680232,97.97360164,114.10340191,1549390.45723516,1465,20,0.133151335185245
"result.1804",11,0,7,138.59680232,94.98660159,117.68780197,1549340.99386978,1465,20,0.132842683355151
"result.3087",14,0,12,138.623660495,93.792178803,119.157359234,1549261.95869818,1465,19.5,0.13234950319713
"result.1376",15,5,5,139.213548412,96.741618388,115.028143815,1549169.5908099,1468,19.5,0.131773126771075
"result.1871",14,4,7,138.623660495,96.151730471,116.207919649,1548924.30275102,1465,19.5,0.130242527150776
"result.175",14,10,0,138.623660495,99.691057973,112.07870423,1548876.06618714,1465,19.5,0.129941530572726
"result.559",14,2,2,140.38900235,96.18140161,114.70080192,1548783.25178426,1474,20,0.129362367891695
"result.64",15,3,0,140.98640236,96.77880162,113.5060019,1548732.08278559,1477,20,0.129043072895048
"result.1054",13,1,4,139.79160234,95.5840016,115.89560194,1548578.57578958,1471,20,0.128085187905105
"result.2832",15,0,11,139.213548412,93.792178803,118.567471317,1548152.31246697,1468,19.5,0.125425301065465
"result.1549",12,0,6,139.19420233,94.98660159,117.09040196,1548120.61325147,1467,20,0.125227497685112
"result.588",11,4,2,138.59680232,97.37620163,114.70080192,1548005.48300446,1464,20,0.124509083942654
"result.93",12,5,0,139.19420233,97.97360164,113.5060019,1547921.90697329,1467,20,0.123987568781464
"result.415",14,9,1,138.623660495,99.101170056,112.668592147,1547814.86178178,1464,19.5,0.123319605855612
"result.1616",15,4,6,139.213548412,96.151730471,115.618031732,1547619.45238257,1467,19.5,0.122100249505382
"result.304",15,2,1,140.98640236,96.18140161,114.10340191,1547272.91350681,1476,20,0.11993784390732
"result.2111",14,3,8,138.623660495,95.561842554,116.797807566,1547236.02301522,1464,19.5,0.119707646919006
"result.799",14,1,3,140.38900235,95.5840016,115.29820193,1547179.95649256,1473,20,0.119357791330077
"result.26",9,1,0,139.10832722,96.77101024,114.91557466,1546953.63149403,1466,20.5,0.117945521371232
"result.1294",13,0,5,139.79160234,94.98660159,116.49300195,1546832.43370992,1470,20,0.117189246144514
"result.655",14,8,2,138.623660495,98.511282139,113.258480064,1546657.18424866,1464,19.5,0.116095687982398
"result.333",12,4,1,139.19420233,97.37620163,114.10340191,1546580.63959562,1467,20,0.115618048681844
"result.160",15,9,0,139.213548412,99.101170056,112.07870423,1546263.08125866,1467,19.5,0.113636481897899
"result.1856",15,3,7,139.213548412,95.561842554,116.207919649,1545972.43030354,1467,19.5,0.111822817410582
"result.544",15,1,2,140.98640236,95.5840016,114.70080192,1545713.11186398,1476,20,0.110204668092852
"result.1039",14,0,4,140.38900235,94.98660159,115.89560194,1545476.45524513,1472,20,0.108727928733358
"result.2351",14,2,9,138.623660495,94.971954637,117.387695483,1545451.27015166,1463,19.5,0.108570773531132
"result.895",14,7,3,138.623660495,97.921394222,113.848367981,1545403.03358778,1463,19.5,0.108269776953082
"result.266",9,0,1,139.10832722,96.166191426,115.520393474,1545376.14588296,1466,20.5,0.108101997441229
"result.400",15,8,1,139.213548412,98.511282139,112.668592147,1545148.91926402,1466,19.5,0.106684101363182
"result.573",12,3,2,139.19420233,96.77880162,114.70080192,1545140.01907886,1466,20,0.106628564130401
"result.78",13,4,0,139.79160234,97.37620163,113.5060019,1545086.29163026,1469,20,0.10629330438392
"result.2096",15,2,8,139.213548412,94.971954637,116.797807566,1544228.5245728,1466,19.5,0.100940830486677
"result.784",15,0,3,140.98640236,94.98660159,115.29820193,1544052.6778571,1475,20,0.0998435454516434
"result.11",10,0,0,139.713146034,96.166191426,114.91557466,1543969.01986805,1468,20.5,0.0993215188725305
"result.640",15,7,2,139.213548412,97.921394222,113.258480064,1543937.87361767,1466,19.5,0.0991271659993589
"result.318",13,3,1,139.79160234,96.77880162,114.10340191,1543689.37796653,1468,20,0.0975765509754464
"result.813",12,2,3,139.19420233,96.18140161,115.29820193,1543600.04542302,1465,20,0.0970191151271327
"result.880",15,6,3,139.213548412,97.331506305,113.848367981,1542629.94431961,1465,19.5,0.090965675806429
"result.2336",15,1,9,139.213548412,94.38206672,117.387695483,1542387.73519034,1465,19.5,0.0894542887336652
"result.558",13,2,2,139.79160234,96.18140161,114.70080192,1542192.68475539,1468,20,0.0882371723235097
"result.63",14,3,0,140.38900235,96.77880162,113.5060019,1542169.65870599,1471,20,0.0880934895750186
"result.1053",12,1,4,139.19420233,95.5840016,115.89560194,1541960.71862808,1465,20,0.0867897016720424
"result.1120",15,5,4,139.213548412,96.741618388,114.438255898,1541225.13136985,1464,19.5,0.0821996307843943
"result.303",14,2,1,140.38900235,96.18140161,114.10340191,1540716.67234789,1470,20,0.0790268420660523
"result.798",13,1,3,139.79160234,95.5840016,115.29820193,1540596.21199685,1467,20,0.0782751684281105
"result.2576",15,0,10,139.213548412,93.792178803,117.9775834,1540450.06215619,1464,19.5,0.0773631921515474
"result.1360",15,4,5,139.213548412,96.151730471,115.028143815,1539723.43476838,1464,19.5,0.0728290309332531
"result.48",15,2,0,140.98640236,96.18140161,113.5060019,1539172.00820049,1473,20,0.0693881243547588
"result.543",14,1,2,140.38900235,95.5840016,114.70080192,1539163.48003405,1469,20,0.0693349085219844
"result.1038",13,0,4,139.79160234,94.98660159,115.89560194,1538899.95969089,1466,20,0.06769053928925
"result.288",15,1,1,140.98640236,95.5840016,114.10340191,1537662.52273969,1472,20,0.0599689219536598
"result.783",14,0,3,140.38900235,94.98660159,115.29820193,1537510.08176448,1469,20,0.0590176889428149
"result.528",15,0,2,140.98640236,94.98660159,114.70080192,1536052.40491483,1471,20,0.0499217727258217
"result.62",13,3,0,139.79160234,96.77880162,113.5060019,1535607.23462639,1465,20,0.0471439062549888
"result.302",13,2,1,139.79160234,96.18140161,114.10340191,1534160.43118896,1464,20,0.0381158402247835
"result.47",14,2,0,140.38900235,96.18140161,113.5060019,1532650.09291151,1466,20,0.0286913162404081
"result.287",14,1,1,140.38900235,95.5840016,114.10340191,1531147.00357554,1466,20,0.0193120257138902
"result.32",15,1,0,140.98640236,95.5840016,113.5060019,1529611.9336154,1468,20,0.00973317581446929
"result.527",14,0,2,140.38900235,94.98660159,114.70080192,1529543.70828384,1465,20,0.00930744915227226
"result.272",15,0,1,140.98640236,94.98660159,114.10340191,1528052.13197257,1467,20,0
